Frame,Keypoint,X,Y,Confidence
1,Nose,598.6986351013184,56.81723356246948,0.9697539210319519
1,Left Eye,593.946647644043,-98.46998691558838,0.9535853266716003
1,Right Eye,628.9532661437988,-90.4039192199707,0.9468994736671448
1,Left Ear,660.6271362304688,-80.05054950714111,0.9579560160636902
1,Right Ear,510.1498031616211,-97.82857418060303,0.9524224996566772
1,Left Shoulder,956.6013336181641,355.99475383758545,0.9985485672950745
1,Right Shoulder,172.47815608978271,398.68809700012207,0.9979727864265442
1,Left Elbow,1073.902587890625,810.3371858596802,0.8502711057662964
1,Right Elbow,74.77782011032104,923.8147759437561,0.8389405012130737
1,Left Wrist,1155.8074951171875,1152.7720212936401,0.08459217101335526
1,Right Wrist,144.08357620239258,1301.1531114578247,0.13813914358615875
1,Left Hip,824.4464492797852,1056.6269302368164,0.01885882392525673
1,Right Hip,441.74614906311035,1080.4195833206177,0.02541530504822731
1,Left Knee,847.3233604431152,1756.2959575653076,0.0034311721101403236
1,Right Knee,509.97934341430664,1780.4100894927979,0.002956489799544215
1,Left Ankle,842.6568603515625,2293.069324493408,0.00011136524699395522
1,Right Ankle,524.955940246582,2287.6197624206543,6.979611498536542e-05
2,Nose,573.8014984130859,-6.257103960961103,0.9722943902015686
2,Left Eye,584.1956520080566,-112.34565496444702,0.9572696685791016
2,Right Eye,614.674129486084,-107.1331062912941,0.9510477185249329
2,Left Ear,643.6185836791992,-100.2041557431221,0.9613215327262878
2,Right Ear,502.79863357543945,-112.05924332141876,0.9564008116722107
2,Left Shoulder,956.8791389465332,353.7103486061096,0.9986172318458557
2,Right Shoulder,170.260648727417,398.735089302063,0.9981374144554138
2,Left Elbow,1082.2825241088867,796.2571334838867,0.849385142326355
2,Right Elbow,63.46974849700928,925.2576327323914,0.8336420655250549
2,Left Wrist,1145.4405212402344,1154.0778923034668,0.08092331141233444
2,Right Wrist,144.16876316070557,1314.6674537658691,0.13639461994171143
2,Left Hip,832.1184539794922,1089.1428995132446,0.018194518983364105
2,Right Hip,444.64365005493164,1174.4948244094849,0.02441532351076603
2,Left Knee,868.8364791870117,1849.8863410949707,0.0031496984884142876
2,Right Knee,510.2961730957031,1874.8702812194824,0.002720280783250928
2,Left Ankle,880.2115058898926,2437.714719772339,0.0001016409951262176
2,Right Ankle,533.1948852539062,2444.102325439453,6.378466787282377e-05
3,Nose,557.6700782775879,-20.086219757795334,0.9743778109550476
3,Left Eye,574.6156883239746,-115.58717429637909,0.9603024125099182
3,Right Eye,604.0960121154785,-110.84314852952957,0.9545360803604126
3,Left Ear,632.9451370239258,-104.65085059404373,0.9642000198364258
3,Right Ear,495.556583404541,-115.76195508241653,0.959652841091156
3,Left Shoulder,956.1894607543945,352.97794461250305,0.9986658692359924
3,Right Shoulder,168.2942819595337,403.3399486541748,0.9982225298881531
3,Left Elbow,1087.3723983764648,770.5134630203247,0.8478845357894897
3,Right Elbow,75.00379085540771,917.936360836029,0.8112712502479553
3,Left Wrist,1131.9821548461914,1149.3571615219116,0.07857835292816162
3,Right Wrist,170.96986770629883,1289.8793363571167,0.12866553664207458
3,Left Hip,848.6684989929199,1121.2256383895874,0.01765061356127262
3,Right Hip,419.2324733734131,1242.5337553024292,0.02336854860186577
3,Left Knee,899.0633583068848,1884.0564393997192,0.00287964241579175
3,Right Knee,515.1251220703125,1908.0486488342285,0.0024933915119618177
3,Left Ankle,925.4732322692871,2478.639736175537,9.253843745682389e-05
3,Right Ankle,550.4025077819824,2484.572868347168,5.8252884628018364e-05
4,Nose,557.8799629211426,-9.2238375172019,0.9750888347625732
4,Left Eye,571.6263771057129,-115.36011457443237,0.960759699344635
4,Right Eye,599.2388534545898,-110.06343841552734,0.9551636576652527
4,Left Ear,627.6610565185547,-103.49086493253708,0.964764416217804
4,Right Ear,495.1873970031738,-115.31180262565613,0.9606180787086487
4,Left Shoulder,956.2633323669434,353.21322798728943,0.9986531734466553
4,Right Shoulder,167.0604658126831,403.91422033309937,0.9982938170433044
4,Left Elbow,1090.1098251342773,771.2373375892639,0.8350568413734436
4,Right Elbow,74.27274942398071,926.4482760429382,0.7817594408988953
4,Left Wrist,1133.595314025879,1138.4786367416382,0.07468296587467194
4,Right Wrist,175.1653289794922,1304.6566772460938,0.12163978815078735
4,Left Hip,850.8051109313965,1172.7942180633545,0.016471929848194122
4,Right Hip,421.9618320465088,1252.3514127731323,0.021740255877375603
4,Left Knee,898.0202865600586,1926.639575958252,0.002637854777276516
4,Right Knee,513.7875366210938,1953.041911125183,0.0022822965402156115
4,Left Ankle,919.6711349487305,2535.490379333496,8.443249680567533e-05
4,Right Ankle,549.4171714782715,2545.283317565918,5.319744013831951e-05
5,Nose,558.6001968383789,-2.961541973054409,0.9769303202629089
5,Left Eye,577.5632858276367,-101.01946413516998,0.9634204506874084
5,Right Eye,604.0886306762695,-95.54254353046417,0.9581907391548157
5,Left Ear,631.7794990539551,-89.15464013814926,0.9671847224235535
5,Right Ear,499.5010185241699,-104.67219024896622,0.9636030197143555
5,Left Shoulder,955.6249809265137,352.59138464927673,0.9987066388130188
5,Right Shoulder,164.4239044189453,405.93456745147705,0.9984254837036133
5,Left Elbow,1088.5743713378906,772.102575302124,0.8347724080085754
5,Right Elbow,65.94532012939453,928.4737730026245,0.7803546190261841
5,Left Wrist,1132.7335739135742,1138.7680578231812,0.07256922870874405
5,Right Wrist,156.58315658569336,1320.0486516952515,0.11799564212560654
5,Left Hip,853.8349342346191,1191.0810470581055,0.01591275818645954
5,Right Hip,405.9496021270752,1279.2449140548706,0.02087552845478058
5,Left Knee,905.1073837280273,1936.167812347412,0.00242728553712368
5,Right Knee,513.99169921875,1967.130846977234,0.0021138188894838095
5,Left Ankle,930.7531356811523,2550.660524368286,7.825605280231684e-05
5,Right Ankle,558.7709999084473,2558.529739379883,4.9618178309174255e-05
6,Nose,561.1954879760742,15.598848201334476,0.9787458181381226
6,Left Eye,584.0289115905762,-73.8108167052269,0.9660261869430542
6,Right Eye,608.2363700866699,-72.95158982276917,0.9612902998924255
6,Left Ear,634.1171836853027,-70.0549328327179,0.9695836901664734
6,Right Ear,511.8958854675293,-69.79629009962082,0.9664788246154785
6,Left Shoulder,955.466251373291,352.09288001060486,0.9987952709197998
6,Right Shoulder,164.4440460205078,405.9362733364105,0.9985599517822266
6,Left Elbow,1086.9612121582031,774.5257043838501,0.8360511064529419
6,Right Elbow,70.77527046203613,903.3337926864624,0.7748734951019287
6,Left Wrist,1124.3166732788086,1172.2221994400024,0.07279253005981445
6,Right Wrist,156.41797542572021,1303.7598323822021,0.11442383378744125
6,Left Hip,857.8284072875977,1191.912875175476,0.01506008394062519
6,Right Hip,422.3265552520752,1249.3433904647827,0.019577743485569954
6,Left Knee,912.3768424987793,1922.222170829773,0.0022179537918418646
6,Right Knee,514.0224838256836,1950.732078552246,0.0019353734096512198
6,Left Ankle,940.4931449890137,2543.0851078033447,7.22707700333558e-05
6,Right Ankle,559.1617584228516,2553.3477115631104,4.577184881782159e-05
7,Nose,559.1888809204102,23.514817133545876,0.9798187017440796
7,Left Eye,581.4343643188477,-69.23731505870819,0.9675283432006836
7,Right Eye,605.6993865966797,-68.65825563669205,0.9631021618843079
7,Left Ear,631.6242027282715,-65.82196041941643,0.9711199402809143
7,Right Ear,510.84056854248047,-64.9562680721283,0.968225359916687
7,Left Shoulder,954.7365760803223,351.01237893104553,0.9988415837287903
7,Right Shoulder,164.48633193969727,405.5256378650665,0.9986249208450317
7,Left Elbow,1088.4624481201172,780.6549167633057,0.8339313864707947
7,Right Elbow,85.4880952835083,885.4570198059082,0.7562405467033386
7,Left Wrist,1120.5818939208984,1201.764006614685,0.07456223666667938
7,Right Wrist,188.0740213394165,1274.5286893844604,0.10652732104063034
7,Left Hip,862.9584503173828,1200.0820684432983,0.014101941138505936
7,Right Hip,442.9050922393799,1260.4527568817139,0.01812180131673813
7,Left Knee,913.9357566833496,1922.5849771499634,0.002030628966167569
7,Right Knee,513.8638114929199,1950.1407480239868,0.0017796376487240195
7,Left Ankle,940.1287651062012,2548.0930709838867,6.671292067039758e-05
7,Right Ankle,559.7774505615234,2559.2581844329834,4.248764889780432e-05
8,Nose,560.5097579956055,10.292534194886684,0.9816930294036865
8,Left Eye,582.1465301513672,-80.35356134176254,0.970508873462677
8,Right Eye,605.9909248352051,-79.29545402526855,0.966509997844696
8,Left Ear,632.1367835998535,-75.84182560443878,0.9737874269485474
8,Right Ear,510.7499885559082,-75.39053857326508,0.9711942672729492
8,Left Shoulder,954.0713310241699,350.91968178749084,0.9989412426948547
8,Right Shoulder,157.5673484802246,409.00535345077515,0.9987500309944153
8,Left Elbow,1082.4961853027344,781.2093615531921,0.8422324061393738
8,Right Elbow,88.85489702224731,879.8590779304504,0.7671999931335449
8,Left Wrist,1119.7737121582031,1195.9526681900024,0.08537280559539795
8,Right Wrist,158.9646577835083,1287.1769571304321,0.11193038523197174
8,Left Hip,873.651237487793,1187.2338581085205,0.013907923363149166
8,Right Hip,429.89047050476074,1269.4593143463135,0.017702607437968254
8,Left Knee,946.398811340332,1925.6741094589233,0.0018603873904794455
8,Right Knee,538.3115386962891,1963.1392049789429,0.0016414385754615068
8,Left Ankle,992.7930450439453,2561.3346004486084,6.229786959011108e-05
8,Right Ankle,608.0181312561035,2585.3498554229736,3.982102498412132e-05
9,Nose,561.635856628418,-11.276591420173645,0.9833498597145081
9,Left Eye,583.092098236084,-92.53050595521927,0.9730873703956604
9,Right Eye,606.7212295532227,-89.57234054803848,0.9694751501083374
9,Left Ear,632.5151252746582,-84.46158170700073,0.976089358329773
9,Right Ear,511.15373611450195,-90.7225576043129,0.9738047122955322
9,Left Shoulder,954.0523338317871,350.59176564216614,0.9990127682685852
9,Right Shoulder,156.75375938415527,408.96000266075134,0.9988558888435364
9,Left Elbow,1083.2584762573242,782.767059803009,0.8428980112075806
9,Right Elbow,90.66153287887573,845.9455060958862,0.7623904347419739
9,Left Wrist,1097.251853942871,1191.4854383468628,0.08463284373283386
9,Right Wrist,165.7057285308838,1247.8205823898315,0.10814300924539566
9,Left Hip,878.2485580444336,1179.557375907898,0.013713009655475616
9,Right Hip,415.9039306640625,1275.7785558700562,0.01725451648235321
9,Left Knee,943.1930351257324,1936.2750577926636,0.0017306050285696983
9,Right Knee,537.4705123901367,1972.6567554473877,0.00152902165427804
9,Left Ankle,982.7850723266602,2574.8876953125,5.9271340433042496e-05
9,Right Ankle,599.6467781066895,2599.954032897949,3.781020859605633e-05
10,Nose,574.5673942565918,0.9139156574383378,0.9847462177276611
10,Left Eye,591.7869758605957,-80.66241502761841,0.9752131104469299
10,Right Eye,614.8158073425293,-77.29237496852875,0.9719357490539551
10,Left Ear,639.583740234375,-71.85801297426224,0.9779877662658691
10,Right Ear,520.8294868469238,-79.9195745587349,0.9760108590126038
10,Left Shoulder,953.5992050170898,350.61561584472656,0.9990806579589844
10,Right Shoulder,153.46105098724365,410.5266809463501,0.9989535808563232
10,Left Elbow,1084.3125915527344,783.258547782898,0.8423887491226196
10,Right Elbow,94.82701778411865,854.9619770050049,0.7620322108268738
10,Left Wrist,1100.4778289794922,1192.087197303772,0.08370158076286316
10,Right Wrist,161.87241554260254,1254.3813514709473,0.10648416727781296
10,Left Hip,884.9727630615234,1175.2448987960815,0.013471968472003937
10,Right Hip,410.0999164581299,1292.4502658843994,0.016782913357019424
10,Left Knee,953.5408401489258,1952.4160766601562,0.0016364051261916757
10,Right Knee,549.0843772888184,1996.83500289917,0.0014502679696306586
10,Left Ankle,1003.3051300048828,2596.5646648406982,5.803304156870581e-05
10,Right Ankle,618.2496070861816,2631.1916828155518,3.697298961924389e-05
11,Nose,575.1970481872559,1.4243792183697224,0.9860979318618774
11,Left Eye,592.5791358947754,-78.06189000606537,0.9772959351539612
11,Right Eye,615.9861946105957,-74.18805867433548,0.9743558764457703
11,Left Ear,640.7514381408691,-68.40153604745865,0.9798519015312195
11,Right Ear,520.5356597900391,-77.644704580307,0.9781306385993958
11,Left Shoulder,949.116039276123,349.0066123008728,0.999155580997467
11,Right Shoulder,152.4369764328003,414.5772886276245,0.9990465641021729
11,Left Elbow,1084.3493270874023,779.4249415397644,0.8481211066246033
11,Right Elbow,100.20873069763184,856.5239882469177,0.7664868831634521
11,Left Wrist,1105.4850769042969,1178.3183240890503,0.08658012747764587
11,Right Wrist,171.2629222869873,1259.1923332214355,0.10688961297273636
11,Left Hip,888.9859771728516,1172.6529836654663,0.01428219210356474
11,Right Hip,407.5848197937012,1298.5896492004395,0.01737426407635212
11,Left Knee,962.1264266967773,1953.7403583526611,0.0015469253994524479
11,Right Knee,558.2022857666016,2000.0300931930542,0.0013797905994579196
11,Left Ankle,1015.7711791992188,2597.8567600250244,5.744793816120364e-05
11,Right Ankle,627.583122253418,2633.0953216552734,3.701803143485449e-05
12,Nose,574.32861328125,13.053498901426792,0.9871284365653992
12,Left Eye,591.6662406921387,-69.90038931369781,0.9788116812705994
12,Right Eye,615.450439453125,-67.60718107223511,0.9761687517166138
12,Left Ear,640.447940826416,-63.597844541072845,0.9812464118003845
12,Right Ear,518.3838272094727,-66.72898024320602,0.9797447323799133
12,Left Shoulder,947.3534774780273,346.7943048477173,0.9992151856422424
12,Right Shoulder,154.11443710327148,414.71392035484314,0.9991117715835571
12,Left Elbow,1084.6776580810547,774.3441081047058,0.8488823175430298
12,Right Elbow,102.1268105506897,858.4242153167725,0.7550952434539795
12,Left Wrist,1107.3643112182617,1157.60488986969,0.08699620515108109
12,Right Wrist,217.26372241973877,1251.3801527023315,0.10054861754179001
12,Left Hip,894.42626953125,1172.0579195022583,0.014391615986824036
12,Right Hip,408.1802272796631,1298.651704788208,0.01698952168226242
12,Left Knee,972.9065322875977,1951.6284084320068,0.001447655726224184
12,Right Knee,563.547477722168,1997.6645135879517,0.0012992856791242957
12,Left Ankle,1022.8831100463867,2594.829683303833,5.524106745724566e-05
12,Right Ankle,625.0930595397949,2629.6861267089844,3.6147514038020745e-05
13,Nose,574.431324005127,44.622308760881424,0.9882199764251709
13,Left Eye,591.7691230773926,-50.06981089711189,0.9804731607437134
13,Right Eye,615.5834197998047,-48.30877438187599,0.978090226650238
13,Left Ear,640.5499649047852,-45.055406391620636,0.9827306270599365
13,Right Ear,518.972339630127,-44.255788922309875,0.9814350605010986
13,Left Shoulder,946.094856262207,343.74865651130676,0.9992731213569641
13,Right Shoulder,154.15223121643066,415.1951730251312,0.9991825222969055
13,Left Elbow,1085.365104675293,774.2460680007935,0.8485360741615295
13,Right Elbow,122.30396747589111,858.9243936538696,0.7444049119949341
13,Left Wrist,1106.5309524536133,1148.2930755615234,0.08640771359205246
13,Right Wrist,257.18427658081055,1250.9075260162354,0.09532687813043594
13,Left Hip,896.1309242248535,1169.7424221038818,0.0142291821539402
13,Right Hip,408.5019779205322,1302.8295135498047,0.016433527693152428
13,Left Knee,977.4215698242188,1956.9116306304932,0.0013633081689476967
13,Right Knee,568.857307434082,2004.6068859100342,0.0012270718580111861
13,Left Ankle,1031.6923141479492,2605.7447719573975,5.315124144544825e-05
13,Right Ankle,631.2735557556152,2639.2236328125,3.485765046207234e-05
14,Nose,574.0349006652832,43.64385098218918,0.9893624782562256
14,Left Eye,591.3019752502441,-50.87757959961891,0.9823111891746521
14,Right Eye,615.3725624084473,-47.89665028452873,0.9801724553108215
14,Left Ear,640.6432342529297,-43.180578500032425,0.9843493700027466
14,Right Ear,518.8714027404785,-45.86961641907692,0.9832125902175903
14,Left Shoulder,945.3408050537109,343.75911712646484,0.9993334412574768
14,Right Shoulder,151.58369064331055,427.5302016735077,0.9992580413818359
14,Left Elbow,1085.5136489868164,774.9205040931702,0.8546664714813232
14,Right Elbow,121.07477188110352,862.9871034622192,0.7572277188301086
14,Left Wrist,1114.0299224853516,1140.1428079605103,0.09629235416650772
14,Right Wrist,229.07763004302979,1301.3316822052002,0.10980461537837982
14,Left Hip,894.8800849914551,1236.6116952896118,0.013882837258279324
14,Right Hip,406.7061138153076,1314.6710586547852,0.016006339341402054
14,Left Knee,979.0412521362305,1967.9185152053833,0.0012707768473774195
14,Right Knee,571.6969871520996,2024.7822904586792,0.0011441403767094016
14,Left Ankle,1041.2665557861328,2625.944766998291,5.029018211644143e-05
14,Right Ankle,643.4349632263184,2665.643606185913,3.277890573372133e-05
15,Nose,575.3802108764648,43.06130334734917,0.9903303384780884
15,Left Eye,592.4953651428223,-51.19361490011215,0.9838225245475769
15,Right Eye,617.160587310791,-47.04911917448044,0.981902539730072
15,Left Ear,643.271598815918,-41.08003467321396,0.9856840968132019
15,Right Ear,519.7433280944824,-47.305235266685486,0.9847084879875183
15,Left Shoulder,945.3283882141113,342.29955554008484,0.999380886554718
15,Right Shoulder,151.4181089401245,428.1057608127594,0.9993189573287964
15,Left Elbow,1086.8220520019531,771.0619854927063,0.8559610843658447
15,Right Elbow,113.37821245193481,864.5280647277832,0.7613828778266907
15,Left Wrist,1119.1548156738281,1135.7762575149536,0.09914515167474747
15,Right Wrist,228.2710361480713,1300.413851737976,0.11253777146339417
15,Left Hip,893.8493156433105,1254.3055200576782,0.013400115072727203
15,Right Hip,405.26135444641113,1320.0290822982788,0.015340159647166729
15,Left Knee,979.057502746582,1973.4511184692383,0.0011797267943620682
15,Right Knee,570.4239463806152,2029.0041303634644,0.0010631330078467727
15,Left Ankle,1034.4464492797852,2632.712173461914,4.7216697566909716e-05
15,Right Ankle,638.2146835327148,2672.853126525879,3.084964191657491e-05
16,Nose,575.6842803955078,42.09217965602875,0.9912482500076294
16,Left Eye,592.6779556274414,-52.07789897918701,0.9852815866470337
16,Right Eye,617.4260902404785,-47.480261474847794,0.9835701584815979
16,Left Ear,643.6699104309082,-40.98448097705841,0.986972451210022
16,Right Ear,520.6440353393555,-48.79098862409592,0.9861226677894592
16,Left Shoulder,945.2728271484375,342.2828507423401,0.9994313716888428
16,Right Shoulder,149.43955421447754,430.08651852607727,0.9993788599967957
16,Left Elbow,1086.756820678711,769.7441411018372,0.8625301122665405
16,Right Elbow,110.90975046157837,874.0880370140076,0.772263765335083
16,Left Wrist,1119.2998123168945,1136.7374753952026,0.1063799038529396
16,Right Wrist,186.25422477722168,1320.7512187957764,0.12195421755313873
16,Left Hip,888.6775016784668,1264.154977798462,0.013378853909671307
16,Right Hip,398.3189105987549,1326.9505977630615,0.015243158675730228
16,Left Knee,976.8431854248047,1980.4784631729126,0.00111519789788872
16,Right Knee,569.1073608398438,2038.6053657531738,0.001004583784379065
16,Left Ankle,1032.385482788086,2644.232110977173,4.5683831558562815e-05
16,Right Ankle,636.4778709411621,2686.5661239624023,2.9654280297108926e-05
17,Nose,575.7353782653809,42.255200296640396,0.9920465350151062
17,Left Eye,592.7253913879395,-50.695810317993164,0.9865434765815735
17,Right Eye,617.5348663330078,-46.294619143009186,0.9850143790245056
17,Left Ear,643.7982559204102,-40.25925055146217,0.9880890250205994
17,Right Ear,520.568962097168,-48.22566479444504,0.9873641729354858
17,Left Shoulder,944.9362564086914,342.2910261154175,0.9994686841964722
17,Right Shoulder,144.03565406799316,432.9883897304535,0.9994274377822876
17,Left Elbow,1085.0217819213867,769.3907976150513,0.865307629108429
17,Right Elbow,69.91354465484619,912.835443019867,0.7771542072296143
17,Left Wrist,1119.107322692871,1137.211389541626,0.10785602033138275
17,Right Wrist,177.81736850738525,1319.568042755127,0.12333732098340988
17,Left Hip,875.5722999572754,1269.2251253128052,0.013127331621944904
17,Right Hip,383.1459617614746,1327.912073135376,0.014775714837014675
17,Left Knee,971.3770294189453,1990.066180229187,0.0010672572534531355
17,Right Knee,560.0031280517578,2042.0963144302368,0.0009572618291713297
17,Left Ankle,1030.297737121582,2655.1412773132324,4.4061627704650164e-05
17,Right Ankle,632.256031036377,2689.1340923309326,2.8330241548246704e-05
18,Nose,573.3015060424805,40.57603418827057,0.9925996661186218
18,Left Eye,587.2183799743652,-51.54589623212814,0.9873289465904236
18,Right Eye,612.6208877563477,-47.463802099227905,0.9859954714775085
18,Left Ear,639.2513465881348,-41.81344449520111,0.9887977838516235
18,Right Ear,512.6866722106934,-48.41110736131668,0.9882323741912842
18,Left Shoulder,944.003849029541,342.63790011405945,0.9995018243789673
18,Right Shoulder,143.16397190093994,435.94645857810974,0.9994680285453796
18,Left Elbow,1084.6853256225586,768.9212608337402,0.8688939213752747
18,Right Elbow,62.91893720626831,953.7692785263062,0.7818772792816162
18,Left Wrist,1120.0252532958984,1137.7790307998657,0.10643389075994492
18,Right Wrist,158.40771675109863,1337.7619171142578,0.12095153331756592
18,Left Hip,876.4227676391602,1269.8155546188354,0.013278631493449211
18,Right Hip,385.1334857940674,1333.7392473220825,0.014795243740081787
18,Left Knee,977.2006988525391,1994.192361831665,0.001026705140247941
18,Right Knee,563.7844276428223,2048.3222150802612,0.0009306082502007484
18,Left Ankle,1036.3675689697266,2663.1490230560303,4.4793076085625216e-05
18,Right Ankle,635.3303146362305,2700.6841564178467,2.8994969397899695e-05
19,Nose,573.3707427978516,26.56709387898445,0.9931142926216125
19,Left Eye,586.8692779541016,-61.13593474030495,0.9880099296569824
19,Right Eye,612.4774932861328,-56.87786489725113,0.9868910908699036
19,Left Ear,639.250545501709,-51.01250946521759,0.9893938899040222
19,Right Ear,512.3791694641113,-55.944806188344955,0.9890065789222717
19,Left Shoulder,945.5039405822754,342.6494550704956,0.9995340704917908
19,Right Shoulder,141.11653804779053,439.9196255207062,0.9995115399360657
19,Left Elbow,1082.823600769043,781.4680767059326,0.8719249367713928
19,Right Elbow,70.11948108673096,950.836443901062,0.7922778725624084
19,Left Wrist,1120.0626754760742,1142.548942565918,0.10562765598297119
19,Right Wrist,145.90288639068604,1410.6962871551514,0.129360631108284
19,Left Hip,879.7329139709473,1270.75617313385,0.014210769906640053
19,Right Hip,385.6815719604492,1339.9332189559937,0.015895389020442963
19,Left Knee,982.9582214355469,2001.953558921814,0.0009993890998885036
19,Right Knee,566.6378402709961,2063.0515336990356,0.0009101981995627284
19,Left Ankle,1045.3094100952148,2677.164831161499,4.805409116670489e-05
19,Right Ankle,646.7544937133789,2722.1625995635986,3.0628427339252084e-05
20,Nose,573.4362030029297,47.43439167737961,0.9937219023704529
20,Left Eye,587.3137092590332,-47.00978323817253,0.9889803528785706
20,Right Eye,613.3113670349121,-43.96300032734871,0.9880040287971497
20,Left Ear,640.3070640563965,-39.73026126623154,0.9902514219284058
20,Right Ear,512.3873519897461,-40.49010828137398,0.9899499416351318
20,Left Shoulder,945.0980186462402,341.78048372268677,0.9995682239532471
20,Right Shoulder,141.20171070098877,439.2393958568573,0.9995532035827637
20,Left Elbow,1075.5511093139648,775.7317972183228,0.8730944395065308
20,Right Elbow,70.43518781661987,916.9597578048706,0.7932661771774292
20,Left Wrist,1123.7152862548828,1126.2439012527466,0.10639737546443939
20,Right Wrist,150.28605937957764,1382.7634191513062,0.1299528181552887
20,Left Hip,865.5637550354004,1267.125792503357,0.014334337785840034
20,Right Hip,376.6611671447754,1336.8519401550293,0.015920227393507957
20,Left Knee,967.2311782836914,1997.6150751113892,0.0009729436133056879
20,Right Knee,550.279712677002,2056.455874443054,0.0008863587281666696
20,Left Ankle,1030.5584335327148,2669.673614501953,4.757754140882753e-05
20,Right Ankle,606.5413284301758,2710.344228744507,2.9781913326587528e-05
21,Nose,573.1879806518555,47.11236163973808,0.9943238496780396
21,Left Eye,587.3381996154785,-47.51424238085747,0.9900057911872864
21,Right Eye,613.377857208252,-44.44926604628563,0.9891378283500671
21,Left Ear,640.3804779052734,-40.151313096284866,0.9911556243896484
21,Right Ear,512.8212547302246,-41.32589131593704,0.990899920463562
21,Left Shoulder,944.7072601318359,340.6600069999695,0.9996055960655212
21,Right Shoulder,140.1721429824829,441.29939675331116,0.9995951056480408
21,Left Elbow,1070.738182067871,775.5749845504761,0.8801624178886414
21,Right Elbow,71.12546682357788,923.4386444091797,0.8070448040962219
21,Left Wrist,1129.8656845092773,1122.1627807617188,0.12018438428640366
21,Right Wrist,136.19672298431396,1384.000153541565,0.14843404293060303
21,Left Hip,865.6719589233398,1269.9037456512451,0.016080670058727264
21,Right Hip,378.2676887512207,1336.2201833724976,0.018057959154248238
21,Left Knee,967.1262359619141,1997.257161140442,0.0009514330304227769
21,Right Knee,548.8813591003418,2057.1347522735596,0.000870108837261796
21,Left Ankle,1030.6870651245117,2671.54146194458,4.849745528190397e-05
21,Right Ankle,609.7055625915527,2714.478006362915,2.9569186153821647e-05
22,Nose,562.5469207763672,48.993059545755386,0.9948247075080872
22,Left Eye,580.4565238952637,-44.112772196531296,0.9908308982849121
22,Right Eye,606.8459129333496,-41.71938344836235,0.9900723099708557
22,Left Ear,633.9768218994141,-38.01941558718681,0.9918895959854126
22,Right Ear,506.3668441772461,-37.06050306558609,0.9916884303092957
22,Left Shoulder,942.9987716674805,338.89309644699097,0.9996351599693298
22,Right Shoulder,140.91736793518066,440.9851276874542,0.9996281266212463
22,Left Elbow,1069.0242004394531,768.4720659255981,0.8828990459442139
22,Right Elbow,50.963730812072754,929.3080472946167,0.80716872215271
22,Left Wrist,1132.0952224731445,1109.7608041763306,0.12109290808439255
22,Right Wrist,135.7000494003296,1375.508451461792,0.14466363191604614
22,Left Hip,865.8385848999023,1267.063865661621,0.016572492197155952
22,Right Hip,379.17391777038574,1334.4432306289673,0.018458213657140732
22,Left Knee,967.016487121582,1995.8607816696167,0.0009162852074950933
22,Right Knee,547.9337882995605,2055.292010307312,0.0008395644254051149
22,Left Ankle,1029.8009490966797,2666.5486907958984,4.7750883823027834e-05
22,Right Ankle,600.6448745727539,2708.3450603485107,2.8994800231885165e-05
23,Nose,556.8917083740234,48.50419074296951,0.9952415823936462
23,Left Eye,574.973030090332,-44.4851379096508,0.9915077090263367
23,Right Eye,602.1101760864258,-41.937841325998306,0.9908498525619507
23,Left Ear,629.8723411560059,-38.04432392120361,0.9924928545951843
23,Right Ear,500.5146789550781,-37.79472962021828,0.9923538565635681
23,Left Shoulder,942.4193000793457,337.5468635559082,0.999660313129425
23,Right Shoulder,141.23793125152588,440.9711265563965,0.9996572136878967
23,Left Elbow,1067.7379989624023,766.111056804657,0.8859648108482361
23,Right Elbow,36.012725830078125,940.2240371704102,0.8116881847381592
23,Left Wrist,1132.5930404663086,1105.3830528259277,0.12235867977142334
23,Right Wrist,118.10728311538696,1372.7978324890137,0.1426209807395935
23,Left Hip,867.8574371337891,1264.644856452942,0.016915760934352875
23,Right Hip,380.91882705688477,1334.2174100875854,0.018768418580293655
23,Left Knee,967.7580642700195,1995.053415298462,0.0008897623629309237
23,Right Knee,547.9567337036133,2053.9526653289795,0.0008146407199092209
23,Left Ankle,1028.9879608154297,2663.857898712158,4.769790393766016e-05
23,Right Ankle,598.5741233825684,2705.5378818511963,2.882750050048344e-05
24,Nose,551.5909767150879,30.577790290117264,0.9956156015396118
24,Left Eye,568.289623260498,-58.80724087357521,0.9920933246612549
24,Right Eye,596.3020706176758,-54.9292816221714,0.9915363192558289
24,Left Ear,625.1401519775391,-49.763343036174774,0.9930212497711182
24,Right Ear,494.27249908447266,-53.78486216068268,0.9929271936416626
24,Left Shoulder,941.9464302062988,336.14755511283875,0.9996774792671204
24,Right Shoulder,141.31356239318848,440.7867622375488,0.9996787309646606
24,Left Elbow,1064.7514343261719,762.7550339698792,0.8874765038490295
24,Right Elbow,30.463829040527344,952.8871750831604,0.8178099393844604
24,Left Wrist,1132.5785064697266,1103.1052780151367,0.12089382857084274
24,Right Wrist,111.45835161209106,1372.3882913589478,0.14146488904953003
24,Left Hip,871.6675758361816,1264.460620880127,0.01743660867214203
24,Right Hip,382.0371723175049,1333.7230253219604,0.01932665891945362
24,Left Knee,976.179313659668,1993.8629007339478,0.0008601704612374306
24,Right Knee,550.3215980529785,2051.6152811050415,0.000788163160905242
24,Left Ankle,1036.6279220581055,2664.7774028778076,4.6896930143702775e-05
24,Right Ankle,604.6268463134766,2709.1175365448,2.866780778276734e-05
25,Nose,537.5224113464355,-12.13821116834879,0.9951223731040955
25,Left Eye,559.680004119873,-83.9956659078598,0.9912623763084412
25,Right Eye,591.0939788818359,-76.53590351343155,0.9908599257469177
25,Left Ear,621.7291259765625,-68.49561721086502,0.9924529790878296
25,Right Ear,476.3982582092285,-80.30627131462097,0.9924390912055969
25,Left Shoulder,942.2672080993652,334.63707447052,0.999634861946106
25,Right Shoulder,146.06493473052979,437.60419249534607,0.9996616244316101
25,Left Elbow,1064.897689819336,764.9782204627991,0.8796704411506653
25,Right Elbow,-11.686686873435974,950.09441614151,0.8189197182655334
25,Left Wrist,1130.9203720092773,1127.025647163391,0.11208751052618027
25,Right Wrist,56.905277967453,1362.6540613174438,0.13434332609176636
25,Left Hip,873.6023712158203,1265.8012533187866,0.01764734275639057
25,Right Hip,382.47636795043945,1332.6732301712036,0.019717112183570862
25,Left Knee,976.699104309082,1999.6842813491821,0.0008334438316524029
25,Right Knee,549.221019744873,2051.0332202911377,0.0007773169199936092
25,Left Ankle,1036.2866592407227,2680.7282638549805,4.604232526617125e-05
25,Right Ankle,597.3109817504883,2721.3558769226074,2.8576794647960924e-05
26,Nose,535.5016136169434,-11.2242541462183,0.9945571422576904
26,Left Eye,555.3515625,-91.31027519702911,0.9903118014335632
26,Right Eye,588.7767791748047,-81.79208099842072,0.990197479724884
26,Left Ear,620.485897064209,-72.46846228837967,0.9917976260185242
26,Right Ear,470.6728935241699,-87.6466378569603,0.9917661547660828
26,Left Shoulder,941.3585472106934,335.28093338012695,0.9996013641357422
26,Right Shoulder,146.22292041778564,432.20239520072937,0.9996383786201477
26,Left Elbow,1054.5574951171875,769.483494758606,0.8710705041885376
26,Right Elbow,-35.72973847389221,923.8114929199219,0.8105880618095398
26,Left Wrist,1114.716796875,1127.3673391342163,0.10342401266098022
26,Right Wrist,26.918994784355164,1324.03733253479,0.12446258962154388
26,Left Hip,876.6903305053711,1162.8519344329834,0.017579305917024612
26,Right Hip,378.83151054382324,1320.8305263519287,0.01954636536538601
26,Left Knee,965.4605484008789,1999.3610000610352,0.0008449265733361244
26,Right Knee,534.257755279541,2042.1631336212158,0.0007950232247821987
26,Left Ankle,1014.9601364135742,2679.3954849243164,5.007326399208978e-05
26,Right Ankle,570.0420570373535,2718.3818435668945,3.095709689659998e-05
27,Nose,537.2226905822754,14.7805917263031,0.9935027956962585
27,Left Eye,556.0303115844727,-81.55115693807602,0.9883286952972412
27,Right Eye,589.247932434082,-72.99708545207977,0.9884292483329773
27,Left Ear,620.8019256591797,-64.59320828318596,0.990386426448822
27,Right Ear,472.45777130126953,-79.97392952442169,0.9902976155281067
27,Left Shoulder,938.470458984375,335.27279019355774,0.9995776414871216
27,Right Shoulder,145.1927089691162,427.70761370658875,0.9995816349983215
27,Left Elbow,1053.6963272094727,770.4871344566345,0.8593564033508301
27,Right Elbow,-22.024680376052856,910.4816436767578,0.7771009206771851
27,Left Wrist,1110.6250762939453,1127.2286796569824,0.09594526141881943
27,Right Wrist,55.85509657859802,1299.4020366668701,0.11340992897748947
27,Left Hip,876.342658996582,1191.727352142334,0.016753453761339188
27,Right Hip,379.52762603759766,1319.190173149109,0.018395259976387024
27,Left Knee,965.5725860595703,1998.3896112442017,0.0008181689190678298
27,Right Knee,534.3709945678711,2041.8264627456665,0.0007607621373608708
27,Left Ankle,1013.4831619262695,2678.1335163116455,4.902037835563533e-05
27,Right Ankle,571.3432502746582,2717.1013355255127,3.0261229767347686e-05
28,Nose,538.1888008117676,14.969752840697765,0.9939166307449341
28,Left Eye,556.8131446838379,-81.91813141107559,0.9889033436775208
28,Right Eye,589.3851470947266,-73.57379525899887,0.9890698194503784
28,Left Ear,621.1098861694336,-65.43072536587715,0.990890383720398
28,Right Ear,467.7598285675049,-83.39778542518616,0.9908314943313599
28,Left Shoulder,928.8557052612305,332.1643137931824,0.9995942115783691
28,Right Shoulder,132.92425632476807,427.91457295417786,0.9995933175086975
28,Left Elbow,1043.0144119262695,770.3688168525696,0.8590484857559204
28,Right Elbow,-24.065653681755066,928.6909031867981,0.7758618593215942
28,Left Wrist,1109.4739151000977,1126.858148574829,0.09139280021190643
28,Right Wrist,50.423723459243774,1307.7382135391235,0.10709977895021439
28,Left Hip,877.5647163391113,1146.7868757247925,0.016569528728723526
28,Right Hip,380.04329681396484,1319.1335248947144,0.017959509044885635
28,Left Knee,973.3566284179688,1997.0270919799805,0.0007980734226293862
28,Right Knee,544.5565223693848,2042.4824237823486,0.0007454560254700482
28,Left Ankle,1040.0494766235352,2677.0770263671875,4.898664337815717e-05
28,Right Ankle,609.056453704834,2716.36568069458,3.0375758797163144e-05
29,Nose,541.3573837280273,7.359078470617533,0.9941354990005493
29,Left Eye,558.7489700317383,-85.83574444055557,0.9891427159309387
29,Right Eye,590.9789657592773,-76.54436856508255,0.9893659949302673
29,Left Ear,622.4681282043457,-67.20034763216972,0.9910959601402283
29,Right Ear,468.1826877593994,-89.10268306732178,0.991121232509613
29,Left Shoulder,922.3745155334473,326.9222581386566,0.9996060729026794
29,Right Shoulder,121.2040901184082,427.9294431209564,0.9996010661125183
29,Left Elbow,1042.584571838379,767.9624891281128,0.8584092855453491
29,Right Elbow,-30.164061784744263,947.3345518112183,0.7768442630767822
29,Left Wrist,1112.0972442626953,1123.5327672958374,0.08771119266748428
29,Right Wrist,51.301599740982056,1340.4272174835205,0.10144960880279541
29,Left Hip,883.2805252075195,1144.829421043396,0.017771609127521515
29,Right Hip,380.32525062561035,1322.5756788253784,0.018842265009880066
29,Left Knee,977.3318481445312,1996.4156770706177,0.0008171965600922704
29,Right Knee,555.2071952819824,2046.5957307815552,0.0007686510216444731
29,Left Ankle,1045.4632186889648,2675.9636306762695,5.159083229955286e-05
29,Right Ankle,621.1080551147461,2716.3466262817383,3.269014632678591e-05
30,Nose,541.6675186157227,-7.273174691945314,0.99444180727005
30,Left Eye,559.2428970336914,-102.60848790407181,0.98960942029953
30,Right Eye,591.2492179870605,-91.31412148475647,0.9898632168769836
30,Left Ear,622.5529289245605,-80.64498603343964,0.991510808467865
30,Right Ear,467.03556060791016,-110.70862501859665,0.9915351271629333
30,Left Shoulder,914.527645111084,321.57739877700806,0.9996135234832764
30,Right Shoulder,120.42477607727051,428.24190974235535,0.9995858073234558
30,Left Elbow,1035.432243347168,755.3446698188782,0.857209324836731
30,Right Elbow,-27.44333267211914,946.3534426689148,0.7733154296875
30,Left Wrist,1110.8209991455078,1113.2540702819824,0.08460193127393723
30,Right Wrist,54.12086606025696,1338.4922933578491,0.09589338302612305
30,Left Hip,883.7775421142578,1130.8186340332031,0.017864761874079704
30,Right Hip,380.6560707092285,1320.5100774765015,0.018517227843403816
30,Left Knee,980.7428741455078,1987.7585363388062,0.0008109974442049861
30,Right Knee,560.8899307250977,2044.4858407974243,0.0007597953663207591
30,Left Ankle,1051.7272567749023,2669.185667037964,5.1569459174061194e-05
30,Right Ankle,625.5041313171387,2713.382635116577,3.257054049754515e-05
31,Nose,555.0862312316895,-0.7582876668311656,0.9946942925453186
31,Left Eye,570.1846504211426,-102.04441130161285,0.9898905158042908
31,Right Eye,602.1881675720215,-91.08296602964401,0.9901629686355591
31,Left Ear,632.2627830505371,-80.43698877096176,0.9917355179786682
31,Right Ear,476.11804962158203,-109.92767572402954,0.9918136596679688
31,Left Shoulder,907.140998840332,318.9005434513092,0.9996265172958374
31,Right Shoulder,113.34064722061157,426.56782507896423,0.9995906352996826
31,Left Elbow,1030.5682754516602,754.2599844932556,0.8592827916145325
31,Right Elbow,-26.153231263160706,945.5294680595398,0.771242618560791
31,Left Wrist,1110.9940338134766,1110.2945852279663,0.08305662870407104
31,Right Wrist,57.94792056083679,1358.1349468231201,0.0908036008477211
31,Left Hip,883.8103866577148,1123.6216020584106,0.01754354126751423
31,Right Hip,377.72120475769043,1315.1635122299194,0.017816763371229172
31,Left Knee,980.5937576293945,1985.4871988296509,0.0007977112545631826
31,Right Knee,562.9715538024902,2043.1467533111572,0.0007360965828411281
31,Left Ankle,1052.0793914794922,2668.996925354004,5.045864236308262e-05
31,Right Ankle,629.7525787353516,2711.9684886932373,3.139138425467536e-05
32,Nose,575.1549339294434,59.698670357465744,0.9944370985031128
32,Left Eye,588.7845611572266,-49.007350355386734,0.9893409013748169
32,Right Eye,616.3797569274902,-44.77064028382301,0.9895097613334656
32,Left Ear,642.9535675048828,-40.49675479531288,0.9911708831787109
32,Right Ear,502.5571632385254,-53.608021438121796,0.9914862513542175
32,Left Shoulder,888.7188148498535,312.3802328109741,0.9996311664581299
32,Right Shoulder,107.82856464385986,422.36371994018555,0.9995894432067871
32,Left Elbow,1025.233154296875,738.0565881729126,0.8571872711181641
32,Right Elbow,-23.053218126296997,948.1977295875549,0.7589477896690369
32,Left Wrist,1112.0975875854492,1094.3336820602417,0.08131198585033417
32,Right Wrist,84.49150800704956,1358.875880241394,0.08521833270788193
32,Left Hip,880.5265045166016,1118.1677913665771,0.01785232126712799
32,Right Hip,372.58606910705566,1311.4847230911255,0.017489049583673477
32,Left Knee,967.5640869140625,1984.9983501434326,0.0008339016931131482
32,Right Knee,562.41943359375,2042.8982734680176,0.0007430379628203809
32,Left Ankle,1038.2304382324219,2668.653688430786,5.128658813191578e-05
32,Right Ankle,628.6650466918945,2711.5809631347656,3.1675870559411123e-05
33,Nose,616.3554954528809,95.05008190870285,0.9943423867225647
33,Left Eye,624.4109344482422,-35.508875995874405,0.9888991713523865
33,Right Eye,648.2723808288574,-32.347412556409836,0.9890164732933044
33,Left Ear,670.8962631225586,-29.33165542781353,0.9906014800071716
33,Right Ear,542.5661659240723,-37.768887877464294,0.9913160800933838
33,Left Shoulder,879.6808433532715,301.0160458087921,0.9996331334114075
33,Right Shoulder,106.03825807571411,421.85057044029236,0.9995956420898438
33,Left Elbow,1016.8454360961914,689.1903877258301,0.8501691222190857
33,Right Elbow,-22.407935857772827,966.5596175193787,0.7597456574440002
33,Left Wrist,1112.1085739135742,1052.8653573989868,0.07919299602508545
33,Right Wrist,103.40524435043335,1394.2886352539062,0.08086133003234863
33,Left Hip,881.7361450195312,1111.131820678711,0.01837911829352379
33,Right Hip,375.7964515686035,1310.4684019088745,0.01733219623565674
33,Left Knee,967.3159790039062,1983.8677024841309,0.0009235787438228726
33,Right Knee,567.4222755432129,2046.268973350525,0.000786930788308382
33,Left Ankle,1041.5509414672852,2668.366584777832,5.6447770475642756e-05
33,Right Ankle,641.4741897583008,2713.775568008423,3.382813520147465e-05
34,Nose,649.9648475646973,119.04456853866577,0.99391108751297
34,Left Eye,656.9936370849609,-19.325391054153442,0.9879225492477417
34,Right Eye,677.4185943603516,-18.544600680470467,0.9880335330963135
34,Left Ear,695.9425735473633,-17.904197797179222,0.9891459345817566
34,Right Ear,581.0129356384277,-19.307402819395065,0.9909601807594299
34,Left Shoulder,868.7754249572754,288.36851835250854,0.9996031522750854
34,Right Shoulder,106.81731462478638,419.6389389038086,0.9996065497398376
34,Left Elbow,989.3857955932617,659.1987419128418,0.8224573135375977
34,Right Elbow,-21.670771837234497,974.5439314842224,0.7614972591400146
34,Left Wrist,1112.138900756836,932.8616309165955,0.08264105767011642
34,Right Wrist,114.29054975509644,1423.3520221710205,0.07838713377714157
34,Left Hip,879.8995971679688,1093.7458276748657,0.02073127217590809
34,Right Hip,388.56465339660645,1300.1277780532837,0.018644556403160095
34,Left Knee,967.8291320800781,1971.4616060256958,0.0010534763569012284
34,Right Knee,584.9796867370605,2045.8110237121582,0.0009057640563696623
34,Left Ankle,1047.074089050293,2650.0213050842285,6.462528835982084e-05
34,Right Ankle,652.174015045166,2711.862144470215,3.863000893034041e-05
35,Nose,685.5009269714355,53.80991533398628,0.9937049150466919
35,Left Eye,688.9408493041992,-79.75064367055893,0.98759526014328
35,Right Eye,706.0700225830078,-73.84008228778839,0.9876663684844971
35,Left Ear,722.4945831298828,-68.54252099990845,0.988448441028595
35,Right Ear,614.3145561218262,-72.4267566204071,0.9909214973449707
35,Left Shoulder,868.5005378723145,283.03820729255676,0.9995816349983215
35,Right Shoulder,110.04554271697998,421.0323894023895,0.9996211528778076
35,Left Elbow,979.8804473876953,660.6653523445129,0.8042248487472534
35,Right Elbow,-19.75666344165802,1004.5337104797363,0.7697325944900513
35,Left Wrist,1107.784423828125,975.2382588386536,0.08926858752965927
35,Right Wrist,113.39607238769531,1461.5437602996826,0.08127142488956451
35,Left Hip,885.582218170166,1088.6330652236938,0.022680483758449554
35,Right Hip,427.8753089904785,1300.2244663238525,0.019724640995264053
35,Left Knee,1006.9682693481445,1965.9457397460938,0.00113768654409796
35,Right Knee,641.6485977172852,2050.3628396987915,0.0010806950740516186
35,Left Ankle,1115.6475448608398,2644.3770790100098,7.445849769283086e-05
35,Right Ankle,738.8759422302246,2713.3056449890137,4.6584031224483624e-05
36,Nose,713.7732696533203,-5.37814574316144,0.9942007064819336
36,Left Eye,711.8900871276855,-105.69999396800995,0.9885764718055725
36,Right Eye,730.4360961914062,-99.03008848428726,0.9886543154716492
36,Left Ear,743.7015151977539,-91.25898599624634,0.989284098148346
36,Right Ear,637.364387512207,-96.58743023872375,0.9916687607765198
36,Left Shoulder,858.9144515991211,271.95037364959717,0.9995574355125427
36,Right Shoulder,124.71951484680176,422.0667350292206,0.9996324777603149
36,Left Elbow,941.3297653198242,647.6722383499146,0.771384596824646
36,Right Elbow,39.76492166519165,1031.5381908416748,0.7700411677360535
36,Left Wrist,1101.5906524658203,953.9782977104187,0.10347133129835129
36,Right Wrist,169.3861484527588,1470.6970882415771,0.08515434712171555
36,Left Hip,882.659740447998,1069.550907611847,0.023553846403956413
36,Right Hip,441.3329029083252,1287.3739385604858,0.020045863464474678
36,Left Knee,1007.929573059082,1939.141845703125,0.0011594723910093307
36,Right Knee,653.1881332397461,2048.8178873062134,0.0011108026374131441
36,Left Ankle,1109.5323944091797,2612.2765731811523,7.993585313670337e-05
36,Right Ankle,735.6856727600098,2707.962427139282,4.787336365552619e-05
37,Nose,743.1909370422363,-38.39387744665146,0.9946118593215942
37,Left Eye,727.8555107116699,-127.77028262615204,0.9894253015518188
37,Right Eye,739.9263954162598,-121.14365190267563,0.9895191788673401
37,Left Ear,749.8187255859375,-113.5204866528511,0.9900100231170654
37,Right Ear,663.222599029541,-127.59993553161621,0.9923174381256104
37,Left Shoulder,847.7695655822754,263.2588255405426,0.9995279908180237
37,Right Shoulder,137.28302478790283,433.0594575405121,0.9996455907821655
37,Left Elbow,902.3119354248047,638.6253190040588,0.7522481679916382
37,Right Elbow,35.6842839717865,1040.6313300132751,0.7821764945983887
37,Left Wrist,1031.2408447265625,936.2591099739075,0.12042355537414551
37,Right Wrist,166.6137456893921,1478.688097000122,0.09175744652748108
37,Left Hip,880.4703712463379,1058.6640787124634,0.029916096478700638
37,Right Hip,451.17427825927734,1285.9556722640991,0.024612385779619217
37,Left Knee,1008.3467102050781,1933.719835281372,0.0014659828739240766
37,Right Knee,653.0562973022461,2047.0995140075684,0.0014591452199965715
37,Left Ankle,1116.6809463500977,2606.5569019317627,0.00013393594417721033
37,Right Ankle,744.0442085266113,2701.94766998291,6.938013393664733e-05
38,Nose,781.9048690795898,-54.73483890295029,0.9948939681053162
38,Left Eye,757.0026969909668,-143.5770285129547,0.9901443719863892
38,Right Eye,765.1566696166992,-144.3933266401291,0.990200400352478
38,Left Ear,772.584400177002,-138.59671354293823,0.9905598759651184
38,Right Ear,697.6692008972168,-139.27116572856903,0.9929126501083374
38,Left Shoulder,804.1642570495605,231.8213939666748,0.998917281627655
38,Right Shoulder,166.18220329284668,441.7623031139374,0.9995129108428955
38,Left Elbow,875.7277679443359,566.9229197502136,0.71140456199646
38,Right Elbow,63.73640298843384,1132.0601320266724,0.7940000891685486
38,Left Wrist,1021.5751647949219,642.4714136123657,0.17321904003620148
38,Right Wrist,218.55950832366943,1556.6586256027222,0.12131854891777039
38,Left Hip,853.0388259887695,1100.3355646133423,0.0373278446495533
38,Right Hip,469.2806911468506,1291.668906211853,0.0347890667617321
38,Left Knee,1019.3231964111328,1891.824975013733,0.0021320930682122707
38,Right Knee,735.8773612976074,2045.23681640625,0.0032687068451195955
38,Left Ankle,1143.7163543701172,2542.667455673218,0.00016612329636700451
38,Right Ankle,831.9556045532227,2679.6975231170654,0.00018100386660080403
39,Nose,783.0941963195801,-42.174295485019684,0.9952372908592224
39,Left Eye,758.9607810974121,-140.48271417617798,0.9909258484840393
39,Right Eye,773.0869102478027,-135.50423383712769,0.9909471869468689
39,Left Ear,787.4074745178223,-128.5817849636078,0.9911968111991882
39,Right Ear,700.5971717834473,-135.9036523103714,0.9935170412063599
39,Left Shoulder,773.92822265625,206.8539011478424,0.9983975291252136
39,Right Shoulder,188.8306474685669,442.02420473098755,0.9994314908981323
39,Left Elbow,834.364185333252,555.58438539505,0.6793864965438843
39,Right Elbow,58.784215450286865,1114.285454750061,0.8024069666862488
39,Left Wrist,1021.2456893920898,566.6768860816956,0.23726363480091095
39,Right Wrist,197.39294528961182,1548.7258100509644,0.14985133707523346
39,Left Hip,834.7837257385254,1122.0395708084106,0.04736757278442383
39,Right Hip,469.1315746307373,1291.051697731018,0.04644373431801796
39,Left Knee,1018.004150390625,1880.4859256744385,0.0026359185576438904
39,Right Knee,740.1736450195312,2030.2659702301025,0.005669605452567339
39,Left Ankle,1149.9834823608398,2485.58687210083,0.00021223512885626405
39,Right Ankle,861.8971824645996,2632.295036315918,0.00040579779306426644
40,Nose,842.735481262207,-34.63037744164467,0.9954506158828735
40,Left Eye,820.8151245117188,-134.1208979487419,0.9915139079093933
40,Right Eye,823.9480018615723,-129.7605112195015,0.9915005564689636
40,Left Ear,827.2464179992676,-123.43883156776428,0.9916614294052124
40,Right Ear,780.7876968383789,-131.64582788944244,0.993972659111023
40,Left Shoulder,773.3730697631836,214.4013637304306,0.9981271028518677
40,Right Shoulder,203.43634128570557,481.61956429481506,0.9994373321533203
40,Left Elbow,826.4499664306641,573.2577395439148,0.6373481750488281
40,Right Elbow,113.86067390441895,1094.6533584594727,0.8159545063972473
40,Left Wrist,1025.1573944091797,698.8514256477356,0.24545671045780182
40,Right Wrist,210.3319215774536,1566.605544090271,0.19392047822475433
40,Left Hip,846.7694091796875,1191.4851808547974,0.048004575073719025
40,Right Hip,492.32059478759766,1322.896385192871,0.04710374027490616
40,Left Knee,1014.2901992797852,1935.1455688476562,0.0030978021677583456
40,Right Knee,717.2487831115723,2096.6684103012085,0.006792511325329542
40,Left Ankle,1111.0122299194336,2595.4958152770996,0.0002566359471529722
40,Right Ankle,830.4781723022461,2739.8100757598877,0.00043598900083452463
41,Nose,859.6354866027832,-25.143538936972618,0.995574951171875
41,Left Eye,832.5735855102539,-120.77546238899231,0.9919477105140686
41,Right Eye,830.6756401062012,-116.26494973897934,0.9918715953826904
41,Left Ear,851.8936157226562,-102.73513376712799,0.9919309616088867
41,Right Ear,803.8520050048828,-114.79081571102142,0.9943658113479614
41,Left Shoulder,756.7484664916992,227.2801673412323,0.99769127368927
41,Right Shoulder,246.23228073120117,480.99183082580566,0.9994022846221924
41,Left Elbow,827.9974937438965,576.0229468345642,0.6064614653587341
41,Right Elbow,136.2134885787964,1091.443977355957,0.8278114795684814
41,Left Wrist,1080.633201599121,705.2762389183044,0.27395758032798767
41,Right Wrist,220.72495937347412,1559.6817111968994,0.23986324667930603
41,Left Hip,853.2578659057617,1250.3819847106934,0.04813660681247711
41,Right Hip,502.67847061157227,1360.1438999176025,0.046220846474170685
41,Left Knee,1000.9214401245117,1996.942377090454,0.003469746559858322
41,Right Knee,713.1924247741699,2147.0744132995605,0.007923654280602932
41,Left Ankle,1092.5244140625,2685.54310798645,0.00029047622228972614
41,Right Ankle,790.8266830444336,2806.9289875030518,0.00044821013580076396
42,Nose,886.281566619873,-24.790726527571678,0.9956856966018677
42,Left Eye,863.9108848571777,-119.42869037389755,0.9923610687255859
42,Right Eye,857.4949264526367,-108.7268614768982,0.9922535419464111
42,Left Ear,861.4534378051758,-101.19393110275269,0.9922977089881897
42,Right Ear,846.437873840332,-113.74953389167786,0.9946414232254028
42,Left Shoulder,716.7203521728516,252.95351028442383,0.9975079298019409
42,Right Shoulder,301.2451171875,469.475337266922,0.9994018077850342
42,Left Elbow,831.1556053161621,777.5890874862671,0.5791298151016235
42,Right Elbow,168.65358352661133,1090.4031944274902,0.8373215198516846
42,Left Wrist,1048.586769104004,1011.9398260116577,0.2909036874771118
42,Right Wrist,213.64007949829102,1595.3998517990112,0.2806762158870697
42,Left Hip,859.7298431396484,1279.7996807098389,0.05413825064897537
42,Right Hip,519.1906356811523,1374.3131732940674,0.049899544566869736
42,Left Knee,992.8314971923828,2054.1923904418945,0.004111563321202993
42,Right Knee,705.9748649597168,2189.770975112915,0.010240290313959122
42,Left Ankle,1067.0277786254883,2752.874708175659,0.0003902080934494734
42,Right Ankle,742.104320526123,2865.120391845703,0.0005501295672729611
43,Nose,888.7506866455078,-24.52055297791958,0.9956108331680298
43,Left Eye,873.1190299987793,-117.33037948608398,0.992538332939148
43,Right Eye,868.1219100952148,-109.43379789590836,0.9923343658447266
43,Left Ear,866.5912055969238,-107.7242437005043,0.9923617839813232
43,Right Ear,843.8134002685547,-117.81352311372757,0.9948110580444336
43,Left Shoulder,715.6488990783691,215.2431857585907,0.9967770576477051
43,Right Shoulder,374.1785144805908,468.11725974082947,0.9991949796676636
43,Left Elbow,804.8939895629883,627.5767207145691,0.5447190999984741
43,Right Elbow,319.28807258605957,1152.261414527893,0.834158182144165
43,Left Wrist,1069.3128204345703,610.5926728248596,0.3239315450191498
43,Right Wrist,481.27418518066406,1575.9987258911133,0.2960413694381714
43,Left Hip,852.0173263549805,1267.9862022399902,0.053845472633838654
43,Right Hip,533.5014152526855,1391.5804624557495,0.05002838000655174
43,Left Knee,988.8424301147461,2033.7078666687012,0.004659796599298716
43,Right Knee,708.3816146850586,2182.3021602630615,0.012932240962982178
43,Left Ankle,1068.5497283935547,2729.5129680633545,0.0004854294238612056
43,Right Ankle,749.392147064209,2856.3991355895996,0.0007102672243490815
44,Nose,931.5621757507324,-9.069286957383156,0.9951212406158447
44,Left Eye,910.3508949279785,-101.79311513900757,0.9922003746032715
44,Right Eye,902.9821586608887,-98.39025288820267,0.9919171333312988
44,Left Ear,919.6706199645996,-81.28626197576523,0.9919578433036804
44,Right Ear,894.3007850646973,-99.81172978878021,0.9944096803665161
44,Left Shoulder,714.7789764404297,233.7053346633911,0.9964775443077087
44,Right Shoulder,429.7131156921387,453.74472856521606,0.9991526007652283
44,Left Elbow,821.5280914306641,713.9199900627136,0.5104759931564331
44,Right Elbow,388.5780429840088,1130.1622867584229,0.8319699168205261
44,Left Wrist,1066.5673828125,901.5253615379333,0.33176320791244507
44,Right Wrist,449.38608169555664,1515.3664255142212,0.31143325567245483
44,Left Hip,868.0154228210449,1258.427710533142,0.054737597703933716
44,Right Hip,548.7696075439453,1382.4593210220337,0.05000917613506317
44,Left Knee,988.6183547973633,2024.3515062332153,0.0045395102351903915
44,Right Knee,707.061882019043,2163.828649520874,0.01286957785487175
44,Left Ankle,1048.165397644043,2723.0002212524414,0.0004965090774931014
44,Right Ankle,723.8455581665039,2845.161666870117,0.0007175341015681624
45,Nose,936.7760467529297,10.233332142233849,0.9948824644088745
45,Left Eye,910.0800132751465,-72.11403250694275,0.9920780658721924
45,Right Eye,902.3668670654297,-71.11989587545395,0.9917190074920654
45,Left Ear,903.0046463012695,-64.91867825388908,0.9918013215065002
45,Right Ear,901.4402389526367,-69.14248555898666,0.9942222237586975
45,Left Shoulder,726.9656181335449,194.07735407352448,0.9960541129112244
45,Right Shoulder,468.38470458984375,466.3033890724182,0.9987826347351074
45,Left Elbow,800.2840232849121,657.3702907562256,0.48684337735176086
45,Right Elbow,582.7880859375,1121.3348150253296,0.8233803510665894
45,Left Wrist,1039.793472290039,789.4483351707458,0.36525478959083557
45,Right Wrist,771.7215728759766,1397.8949403762817,0.3175651431083679
45,Left Hip,860.3102874755859,1239.1624116897583,0.06368027627468109
45,Right Hip,581.3610649108887,1365.8205699920654,0.058052193373441696
45,Left Knee,978.6012268066406,1960.6842756271362,0.0047081755474209785
45,Right Knee,713.8442802429199,2111.2263679504395,0.014102290384471416
45,Left Ankle,1032.963638305664,2658.954734802246,0.000560313812457025
45,Right Ankle,727.9082107543945,2806.005620956421,0.0010611219331622124
46,Nose,964.9970626831055,24.638363644480705,0.9952215552330017
46,Left Eye,941.9203948974609,-56.85758337378502,0.9926867485046387
46,Right Eye,934.2822647094727,-59.31067004799843,0.9923767447471619
46,Left Ear,928.4933853149414,-59.16764125227928,0.9924291372299194
46,Right Ear,937.7715682983398,-48.970005959272385,0.9946367144584656
46,Left Shoulder,742.1696662902832,196.88833057880402,0.9962563514709473
46,Right Shoulder,523.8018035888672,458.4961009025574,0.99883633852005
46,Left Elbow,789.5899772644043,711.4540529251099,0.48422613739967346
46,Right Elbow,593.1569480895996,1041.185646057129,0.827261209487915
46,Left Wrist,916.9219207763672,1089.5506381988525,0.38738104701042175
46,Right Wrist,728.2970809936523,1406.9272470474243,0.33246442675590515
46,Left Hip,872.9469108581543,1185.2345609664917,0.09565232694149017
46,Right Hip,643.5236549377441,1308.7677955627441,0.09470881521701813
46,Left Knee,986.3813781738281,1920.1869535446167,0.00477126007899642
46,Right Knee,752.003288269043,2070.166039466858,0.015805918723344803
46,Left Ankle,1036.4017868041992,2604.218873977661,0.0006416690885089338
46,Right Ankle,771.5381813049316,2763.9581966400146,0.0014028145233169198
47,Nose,967.8527069091797,12.791593261063099,0.9953773617744446
47,Left Eye,925.6787109375,-60.10306164622307,0.993057131767273
47,Right Eye,923.2531356811523,-65.5160839855671,0.9928025007247925
47,Left Ear,921.8377304077148,-69.85011398792267,0.9927968978881836
47,Right Ear,908.6876678466797,-52.51571998000145,0.9948004484176636
47,Left Shoulder,777.575855255127,199.61340129375458,0.9964643120765686
47,Right Shoulder,557.4570465087891,436.15930795669556,0.9988926649093628
47,Left Elbow,793.2218742370605,753.0541491508484,0.4765565097332001
47,Right Elbow,678.581371307373,1039.3303513526917,0.8214488625526428
47,Left Wrist,892.0620346069336,1110.037350654602,0.37779685854911804
47,Right Wrist,767.1209335327148,1358.5823392868042,0.3345685601234436
47,Left Hip,883.9678573608398,1182.228856086731,0.12206993252038956
47,Right Hip,657.6212882995605,1269.9807357788086,0.12078692018985748
47,Left Knee,995.5831146240234,1900.4478693008423,0.004724760074168444
47,Right Knee,771.7714691162109,2022.4593257904053,0.015294546261429787
47,Left Ankle,1036.9577407836914,2582.189140319824,0.0006496935966424644
47,Right Ankle,781.6460609436035,2708.8422775268555,0.0013851283583790064
48,Nose,1006.9538497924805,12.650833614170551,0.9948515892028809
48,Left Eye,957.6177978515625,-59.84457582235336,0.9927571415901184
48,Right Eye,954.6565818786621,-64.47458490729332,0.9925777912139893
48,Left Ear,951.8165016174316,-68.51591885089874,0.9925450086593628
48,Right Ear,944.6630859375,-53.43516781926155,0.994297981262207
48,Left Shoulder,825.2449607849121,230.84630370140076,0.9966514706611633
48,Right Shoulder,600.7128524780273,378.61491680145264,0.9989593029022217
48,Left Elbow,797.4380493164062,794.8266363143921,0.48741263151168823
48,Right Elbow,686.055850982666,989.8173308372498,0.826137900352478
48,Left Wrist,906.8896293640137,1217.8756713867188,0.3619139790534973
48,Right Wrist,796.4397239685059,1347.26891040802,0.3476777672767639
48,Left Hip,908.2573699951172,1182.2136640548706,0.1621856689453125
48,Right Hip,679.2547416687012,1233.637146949768,0.16134709119796753
48,Left Knee,999.1278076171875,1905.7031536102295,0.0046006664633750916
48,Right Knee,757.9781341552734,1995.8861446380615,0.014647708274424076
48,Left Ankle,1022.3333358764648,2589.0340518951416,0.0006379139376804233
48,Right Ankle,780.3647804260254,2680.978546142578,0.0013243595603853464
49,Nose,1021.2643432617188,4.908430930227041,0.9952143430709839
49,Left Eye,991.3973236083984,-61.14412620663643,0.9933537840843201
49,Right Eye,980.8328247070312,-64.67919856309891,0.9931936264038086
49,Left Ear,973.7044143676758,-67.94970989227295,0.9931634068489075
49,Right Ear,981.6112518310547,-55.466108322143555,0.9947411417961121
49,Left Shoulder,803.0208206176758,230.57625889778137,0.9968335628509521
49,Right Shoulder,636.6287612915039,317.5141739845276,0.9990301132202148
49,Left Elbow,799.2410087585449,772.8819394111633,0.4748879671096802
49,Right Elbow,682.7407264709473,942.7329111099243,0.8318462371826172
49,Left Wrist,926.0363388061523,1112.42262840271,0.359247624874115
49,Right Wrist,812.3427200317383,1317.8684663772583,0.367279052734375
49,Left Hip,914.5434379577637,1180.7684898376465,0.1816951185464859
49,Right Hip,699.8638916015625,1222.5992345809937,0.1801479011774063
49,Left Knee,995.679817199707,1902.3856258392334,0.004484980832785368
49,Right Knee,751.7399024963379,1985.8053302764893,0.014529741369187832
49,Left Ankle,999.3519973754883,2572.233467102051,0.0006301676039583981
49,Right Ankle,766.4735984802246,2661.5412425994873,0.0013085309183225036
52,Nose,1175.3592681884766,488.134628534317,0.9839208126068115
52,Left Eye,1176.654052734375,494.89466428756714,0.9839668273925781
52,Right Eye,1177.818374633789,495.08105635643005,0.9835609197616577
52,Left Ear,1178.9856719970703,495.24057269096375,0.9836956858634949
52,Right Ear,1172.2166061401367,494.3588876724243,0.9847411513328552
52,Left Shoulder,1198.194808959961,469.25482749938965,0.997115969657898
52,Right Shoulder,1136.8302154541016,467.3361575603485,0.9990226626396179
52,Left Elbow,1224.949836730957,411.79264068603516,0.48449718952178955
52,Right Elbow,1138.974952697754,416.75341844558716,0.7494460344314575
52,Left Wrist,1250.170555114746,363.9926826953888,0.3644509017467499
52,Right Wrist,1172.2951126098633,383.34649443626404,0.3337639570236206
52,Left Hip,1167.0418167114258,384.7452235221863,0.2635211646556854
52,Right Hip,1125.4131317138672,381.4881098270416,0.26212385296821594
52,Left Knee,1213.8183975219727,384.7639560699463,0.09163227677345276
52,Right Knee,1164.290771484375,370.3100895881653,0.05332035571336746
52,Left Ankle,1224.4795989990234,343.5142421722412,0.07370445132255554
52,Right Ankle,1183.765640258789,348.14246892929077,0.0391465425491333
54,Nose,942.5055313110352,906.8864750862122,0.977361261844635
54,Left Eye,956.5668869018555,945.4970240592957,0.9781768918037415
54,Right Eye,963.5242080688477,942.2403931617737,0.9775784611701965
54,Left Ear,970.261344909668,939.555459022522,0.9748955965042114
54,Right Ear,927.9207801818848,937.709949016571,0.9794769287109375
54,Left Shoulder,982.4170303344727,731.7197728157043,0.9966163039207458
54,Right Shoulder,751.526985168457,769.4353437423706,0.9988090991973877
54,Left Elbow,1068.3958053588867,460.6391429901123,0.4781639277935028
54,Right Elbow,704.4045066833496,543.3024001121521,0.7109858989715576
54,Left Wrist,1119.2900848388672,471.4684867858887,0.3483593165874481
54,Right Wrist,765.0934982299805,466.06050968170166,0.3133849501609802
54,Left Hip,892.9270362854004,270.0195372104645,0.3358616828918457
54,Right Hip,788.6780548095703,285.4855406284332,0.33448225259780884
54,Left Knee,924.3509674072266,87.46931433677673,0.10997416079044342
54,Right Knee,861.445255279541,106.5822422504425,0.061655666679143906
54,Left Ankle,925.6584548950195,-78.43853652477264,0.07601583003997803
54,Right Ankle,865.392894744873,-71.31331264972687,0.04094836115837097
55,Nose,828.7497138977051,670.9063267707825,0.9787096381187439
55,Left Eye,837.7924346923828,683.824896812439,0.979544997215271
55,Right Eye,843.4216690063477,683.1519412994385,0.9786363244056702
55,Left Ear,849.1217994689941,682.3311853408813,0.9764482975006104
55,Right Ear,824.1753959655762,685.8602428436279,0.9809178709983826
55,Left Shoulder,933.6165046691895,598.3731937408447,0.9966834187507629
55,Right Shoulder,777.6660919189453,590.4683804512024,0.9987854361534119
55,Left Elbow,977.6691055297852,531.6561305522919,0.4431886374950409
55,Right Elbow,767.9563522338867,485.13713121414185,0.6469901204109192
55,Left Wrist,968.6248397827148,575.9580588340759,0.3293047845363617
55,Right Wrist,795.6490516662598,490.56551456451416,0.2934820055961609
55,Left Hip,846.0451126098633,213.8809722661972,0.40140819549560547
55,Right Hip,781.7387008666992,216.98544144630432,0.4003479778766632
55,Left Knee,906.0139846801758,364.9342668056488,0.10353848338127136
55,Right Knee,797.4823379516602,388.30299139022827,0.060087867081165314
55,Left Ankle,841.3858795166016,523.6639952659607,0.07257862389087677
55,Right Ankle,813.5498428344727,532.3586332798004,0.040275320410728455
58,Nose,1010.5953598022461,447.14417695999146,0.9792878031730652
58,Left Eye,1021.1941909790039,447.3786234855652,0.9804102778434753
58,Right Eye,1021.9284439086914,446.3606929779053,0.9795796871185303
58,Left Ear,1022.662353515625,445.1832139492035,0.9778032898902893
58,Right Ear,1018.154182434082,447.27829813957214,0.981614887714386
58,Left Shoulder,976.4084243774414,415.71746349334717,0.9935601949691772
58,Right Shoulder,974.8663330078125,402.9072976112366,0.9963129758834839
58,Left Elbow,974.3452835083008,476.95255279541016,0.4147394299507141
58,Right Elbow,1000.9175491333008,460.28773069381714,0.61895352602005
58,Left Wrist,983.4330368041992,519.5154440402985,0.30676817893981934
58,Right Wrist,1017.282600402832,529.6795570850372,0.29633772373199463
58,Left Hip,862.0451545715332,185.33701121807098,0.4575470983982086
58,Right Hip,845.2601051330566,193.98338556289673,0.4557560384273529
58,Left Knee,949.7832870483398,365.07630586624146,0.11405880004167557
58,Right Knee,932.5755500793457,372.4222004413605,0.08796294778585434
58,Left Ankle,965.1068115234375,575.048017501831,0.1057044267654419
58,Right Ankle,952.726879119873,577.7049493789673,0.06761549413204193
59,Nose,1035.911865234375,465.431649684906,0.980365514755249
59,Left Eye,1036.765480041504,470.49004912376404,0.9811681509017944
59,Right Eye,1037.929573059082,469.35476660728455,0.9804641604423523
59,Left Ear,1039.0910339355469,468.1694984436035,0.9784424901008606
59,Right Ear,1032.0897674560547,471.4609229564667,0.9819163680076599
59,Left Shoulder,1033.8433456420898,420.3744649887085,0.9939414262771606
59,Right Shoulder,979.9708557128906,415.58366417884827,0.9963855743408203
59,Left Elbow,1035.2506256103516,520.5897331237793,0.4291546940803528
59,Right Elbow,953.8297462463379,555.1354479789734,0.5848723649978638
59,Left Wrist,1027.2714614868164,598.6940288543701,0.31726548075675964
59,Right Wrist,954.7901344299316,657.9820275306702,0.30402863025665283
59,Left Hip,880.8510589599609,180.10116755962372,0.5116147994995117
59,Right Hip,845.9467506408691,192.37080931663513,0.5100813508033752
59,Left Knee,898.8531875610352,389.39794421195984,0.160019651055336
59,Right Knee,825.3048133850098,422.9628396034241,0.09188375622034073
59,Left Ankle,879.7519683837891,702.4695110321045,0.1379968822002411
59,Right Ankle,852.3756980895996,690.2737212181091,0.09095752984285355
60,Nose,1052.826919555664,543.4631395339966,0.9816486239433289
60,Left Eye,1046.546974182129,541.067111492157,0.9821656346321106
60,Right Eye,1048.648796081543,537.3698794841766,0.9817055463790894
60,Left Ear,1050.8005142211914,533.6740636825562,0.9794927835464478
60,Right Ear,1040.6335830688477,545.1040720939636,0.9823516011238098
60,Left Shoulder,1082.801284790039,441.04493021965027,0.9939835071563721
60,Right Shoulder,1051.34033203125,440.77279329299927,0.9946220517158508
60,Left Elbow,1062.894287109375,615.6054639816284,0.46129506826400757
60,Right Elbow,1031.0988235473633,637.1255564689636,0.5313903093338013
60,Left Wrist,1023.0342864990234,772.8553533554077,0.3487660884857178
60,Right Wrist,1011.2766265869141,790.2271199226379,0.29299935698509216
60,Left Hip,919.7106170654297,186.4621388912201,0.5602171421051025
60,Right Hip,881.3794898986816,194.27480220794678,0.5589038133621216
60,Left Knee,871.6091537475586,453.16179871559143,0.22506935894489288
60,Right Knee,840.7824897766113,474.36511158943176,0.09488736838102341
60,Left Ankle,848.8671684265137,759.284040927887,0.19237691164016724
60,Right Ankle,846.2234115600586,743.1885981559753,0.10343250632286072
62,Nose,995.1793670654297,639.1030955314636,0.9819268584251404
62,Left Eye,976.7122650146484,640.5181431770325,0.9829146265983582
62,Right Eye,969.9881744384766,636.6539597511292,0.9823100566864014
62,Left Ear,963.4015274047852,632.6300668716431,0.9802340269088745
62,Right Ear,995.3586959838867,647.2535562515259,0.9835124611854553
62,Left Shoulder,880.2179145812988,492.7044367790222,0.9942865371704102
62,Right Shoulder,1059.411277770996,518.0723941326141,0.9951499700546265
62,Left Elbow,864.7607803344727,557.9321336746216,0.4888663589954376
62,Right Elbow,1190.8671569824219,539.7761750221252,0.4983455538749695
62,Left Wrist,1001.9186782836914,781.4483141899109,0.3690139949321747
62,Right Wrist,1197.0802688598633,658.9400267601013,0.2970811724662781
62,Left Hip,883.9953231811523,154.5254945755005,0.6041911840438843
62,Right Hip,1012.1944427490234,170.3290218114853,0.603011429309845
62,Left Knee,936.0542678833008,419.95951652526855,0.28234201669692993
62,Right Knee,1049.3927764892578,538.1754112243652,0.14195720851421356
62,Left Ankle,983.4950637817383,523.1584417819977,0.20313160121440887
62,Right Ankle,1042.9815673828125,487.73390650749207,0.11369262635707855
63,Nose,1012.0097351074219,508.9983093738556,0.9837338924407959
63,Left Eye,1003.8238906860352,513.0444431304932,0.9846227169036865
63,Right Eye,994.2253875732422,513.1363677978516,0.9840786457061768
63,Left Ear,984.7921371459961,512.9452443122864,0.9822099804878235
63,Right Ear,1035.3284454345703,509.4722878932953,0.985160768032074
63,Left Shoulder,854.7393035888672,387.1173369884491,0.994834840297699
63,Right Shoulder,1121.1845397949219,395.07654547691345,0.9956334829330444
63,Left Elbow,825.926628112793,349.72936034202576,0.5297569036483765
63,Right Elbow,1223.181495666504,458.53607654571533,0.5262649059295654
63,Left Wrist,981.1822128295898,547.3145127296448,0.4182596504688263
63,Right Wrist,1197.3090362548828,620.7647037506104,0.3459218442440033
63,Left Hip,853.1113243103027,168.42924535274506,0.6437618136405945
63,Right Hip,1070.9574508666992,172.68071293830872,0.6427061557769775
63,Left Knee,906.2389755249023,562.6081252098083,0.3527126610279083
63,Right Knee,1098.325538635254,601.0333442687988,0.22708292305469513
63,Left Ankle,924.3743133544922,976.2724113464355,0.28089791536331177
63,Right Ankle,1072.3393249511719,909.182403087616,0.20001353323459625
64,Nose,1032.8815841674805,489.65853095054626,0.9852526187896729
64,Left Eye,1024.9132919311523,499.42349910736084,0.9859548807144165
64,Right Eye,1015.8576965332031,498.5715866088867,0.9854835271835327
64,Left Ear,1006.9250106811523,497.40376353263855,0.9837704300880432
64,Right Ear,1052.0269775390625,500.36418199539185,0.9864778518676758
64,Left Shoulder,856.4301681518555,376.2601840496063,0.9950374364852905
64,Right Shoulder,1113.9054107666016,401.6901648044586,0.9960573315620422
64,Left Elbow,800.9741592407227,431.9472849369049,0.5312581062316895
64,Right Elbow,1220.379409790039,535.2955877780914,0.5337145924568176
64,Left Wrist,914.2472076416016,637.650454044342,0.413482129573822
64,Right Wrist,1148.521499633789,782.8712153434753,0.37845656275749207
64,Left Hip,857.2073936462402,195.89985072612762,0.6793708205223083
64,Right Hip,1065.2553176879883,184.690802693367,0.6784284114837646
64,Left Knee,907.8197479248047,630.0601673126221,0.4149821996688843
64,Right Knee,1165.9967422485352,679.9571084976196,0.3016459047794342
64,Left Ankle,925.2105331420898,875.643482208252,0.3418481945991516
64,Right Ankle,1084.0890884399414,800.5784940719604,0.2621783912181854
65,Nose,1036.4948272705078,521.027147769928,0.9866036176681519
65,Left Eye,1027.8022384643555,523.2254540920258,0.9868928790092468
65,Right Eye,1019.296760559082,520.5461525917053,0.9864951372146606
65,Left Ear,1010.939826965332,517.5341069698334,0.9849769473075867
65,Right Ear,1055.42724609375,528.8280630111694,0.9875195026397705
65,Left Shoulder,861.364631652832,394.2936408519745,0.9934949278831482
65,Right Shoulder,1146.6963958740234,419.2819905281067,0.9963728785514832
65,Left Elbow,779.2441749572754,460.7844650745392,0.48469278216362
65,Right Elbow,1238.7959289550781,581.7131352424622,0.5013613104820251
65,Left Wrist,728.9746856689453,567.2778081893921,0.3779466152191162
65,Right Wrist,1149.0839767456055,770.3432607650757,0.38269901275634766
65,Left Hip,864.4528770446777,199.37950193881989,0.7113324999809265
65,Right Hip,1082.9176712036133,237.03554391860962,0.7105513215065002
65,Left Knee,870.2703094482422,624.4365406036377,0.4667721390724182
65,Right Knee,1140.9954071044922,679.3746614456177,0.36544403433799744
65,Left Ankle,892.793140411377,976.0357761383057,0.3659301996231079
65,Right Ankle,1073.0006790161133,899.5519423484802,0.31094890832901
66,Nose,1052.2019577026367,523.2164418697357,0.987926721572876
66,Left Eye,1045.1743698120117,537.698986530304,0.9881559610366821
66,Right Eye,1037.9824447631836,535.4364681243896,0.9878085851669312
66,Left Ear,1030.95703125,532.920835018158,0.9864240288734436
66,Right Ear,1073.4893417358398,543.4923005104065,0.9887265563011169
66,Left Shoulder,875.8585739135742,405.50668001174927,0.9937800168991089
66,Right Shoulder,1169.9256134033203,420.5171799659729,0.9966952800750732
66,Left Elbow,729.3619537353516,411.34286642074585,0.46360281109809875
66,Right Elbow,1296.8156433105469,518.9076018333435,0.4948316216468811
66,Left Wrist,607.4572563171387,500.8315622806549,0.36312809586524963
66,Right Wrist,1238.2672119140625,766.1169791221619,0.41782960295677185
66,Left Hip,891.386775970459,194.09232079982758,0.7401692271232605
66,Right Hip,1117.1547317504883,230.59475004673004,0.7394793033599854
66,Left Knee,883.4557342529297,655.6580972671509,0.5159423351287842
66,Right Knee,1229.3524932861328,706.0478138923645,0.42773687839508057
66,Left Ankle,881.5727806091309,991.8481707572937,0.421888142824173
66,Right Ankle,1102.1714401245117,991.5754222869873,0.37688446044921875
67,Nose,1070.591926574707,541.3139176368713,0.9886993765830994
67,Left Eye,1068.6970138549805,548.712887763977,0.9886879324913025
67,Right Eye,1063.8324737548828,545.6319308280945,0.9885404706001282
67,Left Ear,1059.0240097045898,542.2405028343201,0.9871818423271179
67,Right Ear,1092.3730087280273,555.5053353309631,0.9891716241836548
67,Left Shoulder,931.0369491577148,403.54803442955017,0.9923210740089417
67,Right Shoulder,1195.3263473510742,478.1323170661926,0.9965636134147644
67,Left Elbow,739.0582466125488,430.32737016677856,0.4252135157585144
67,Right Elbow,1253.294677734375,597.0961618423462,0.4625259339809418
67,Left Wrist,648.2600784301758,537.3186707496643,0.3331780433654785
67,Right Wrist,1122.6319885253906,810.3783845901489,0.4294058680534363
67,Left Hip,931.0056495666504,193.8834947347641,0.7660425901412964
67,Right Hip,1145.782127380371,257.3000568151474,0.7654363512992859
67,Left Knee,882.9314804077148,656.4764714241028,0.5498345494270325
67,Right Knee,1209.8627471923828,702.8918623924255,0.4807802438735962
67,Left Ankle,841.1018943786621,943.1963324546814,0.44835951924324036
67,Right Ankle,1050.6164932250977,965.5886793136597,0.4262552261352539
68,Nose,1075.1124572753906,564.8207545280457,0.9897087216377258
68,Left Eye,1077.700424194336,569.015622138977,0.9896463751792908
68,Right Eye,1075.264778137207,564.0816879272461,0.9895324110984802
68,Left Ear,1072.8413772583008,558.8050961494446,0.9882869720458984
68,Right Ear,1094.8677062988281,581.4352369308472,0.9900688529014587
68,Left Shoulder,959.6796798706055,404.909588098526,0.9913684725761414
68,Right Shoulder,1195.8267974853516,525.8873748779297,0.9964436292648315
68,Left Elbow,751.2690925598145,423.3623707294464,0.40138933062553406
68,Right Elbow,1249.9052810668945,633.6071848869324,0.44108501076698303
68,Left Wrist,588.8223838806152,510.8925497531891,0.3127550780773163
68,Right Wrist,1138.699836730957,817.5021600723267,0.44581475853919983
68,Left Hip,950.5379676818848,191.04437112808228,0.7893651127815247
68,Right Hip,1139.3693161010742,247.1939116716385,0.7888079285621643
68,Left Knee,878.7568473815918,641.9274616241455,0.5832141041755676
68,Right Knee,1188.9800262451172,683.4047341346741,0.5297685861587524
68,Left Ankle,839.593677520752,879.9200391769409,0.4820707142353058
68,Right Ankle,1037.768325805664,947.7993893623352,0.4755132794380188
69,Nose,1095.8342742919922,632.8046464920044,0.9890432953834534
69,Left Eye,1094.1367721557617,642.8051233291626,0.9876521825790405
69,Right Eye,1090.9815216064453,637.9946565628052,0.9877916574478149
69,Left Ear,1087.8269577026367,632.8453946113586,0.9865251779556274
69,Right Ear,1108.571662902832,656.4715147018433,0.9885317087173462
69,Left Shoulder,970.6731033325195,419.374623298645,0.9860795736312866
69,Right Shoulder,1187.6798629760742,592.1434307098389,0.9957371950149536
69,Left Elbow,762.7651405334473,404.0860641002655,0.3644743859767914
69,Right Elbow,1199.0681076049805,690.9346389770508,0.4292701780796051
69,Left Wrist,674.604549407959,409.0698230266571,0.28276678919792175
69,Right Wrist,1139.861183166504,890.641622543335,0.428873747587204
69,Left Hip,970.6170272827148,190.7669234275818,0.8099282383918762
69,Right Hip,1169.2116165161133,239.8498034477234,0.809546709060669
69,Left Knee,969.9575042724609,656.8978571891785,0.5863986611366272
69,Right Knee,1176.8932342529297,730.4408097267151,0.5670039653778076
69,Left Ankle,912.1283340454102,956.3923501968384,0.49397170543670654
69,Right Ankle,1029.2444229125977,993.0348873138428,0.506623387336731
70,Nose,1099.9280548095703,574.7777152061462,0.9883826971054077
70,Left Eye,1096.9834899902344,591.0452914237976,0.9837796688079834
70,Right Eye,1095.413818359375,587.1810436248779,0.9848995804786682
70,Left Ear,1093.8733291625977,582.9003024101257,0.9832078814506531
70,Right Ear,1106.5312957763672,607.2667121887207,0.9863572120666504
70,Left Shoulder,986.2670516967773,415.93443274497986,0.9820964932441711
70,Right Shoulder,1196.3069915771484,576.5826058387756,0.9956452250480652
70,Left Elbow,767.6828956604004,400.75878381729126,0.3453494906425476
70,Right Elbow,1228.9360427856445,663.2695627212524,0.4290758967399597
70,Left Wrist,623.5115432739258,387.5623154640198,0.2606799304485321
70,Right Wrist,1212.769775390625,890.5194425582886,0.44131895899772644
70,Left Hip,1009.9850463867188,189.9453467130661,0.8285818099975586
70,Right Hip,1152.4920272827148,264.001287817955,0.828382670879364
70,Left Knee,961.2845993041992,640.7349514961243,0.6142688989639282
70,Right Knee,1105.2790832519531,726.9339609146118,0.600230872631073
70,Left Ankle,912.520580291748,947.5507807731628,0.517792284488678
70,Right Ankle,1007.1612167358398,971.7791748046875,0.5403778553009033
71,Nose,1120.3387069702148,644.1136336326599,0.9881373047828674
71,Left Eye,1128.8077926635742,653.2417917251587,0.9826692938804626
71,Right Eye,1128.310890197754,647.9512310028076,0.9839432835578918
71,Left Ear,1127.7178573608398,642.3170471191406,0.9822260737419128
71,Right Ear,1135.378761291504,667.6481509208679,0.9860129952430725
71,Left Shoulder,1026.283950805664,435.14350175857544,0.979572594165802
71,Right Shoulder,1198.9667129516602,620.1291489601135,0.995695948600769
71,Left Elbow,782.4598503112793,390.51478385925293,0.31578850746154785
71,Right Elbow,1191.023941040039,706.0875964164734,0.45098093152046204
71,Left Wrist,678.0113410949707,413.3638894557953,0.2374345362186432
71,Right Wrist,1188.2643127441406,884.0278100967407,0.44979962706565857
71,Left Hip,1047.4890518188477,183.73883843421936,0.8455900549888611
71,Right Hip,1146.6310501098633,260.4954528808594,0.845439612865448
71,Left Knee,983.9262771606445,631.6116213798523,0.6017150282859802
71,Right Knee,1080.398826599121,743.7438797950745,0.6292039752006531
71,Left Ankle,981.6268157958984,928.8720488548279,0.5184628367424011
71,Right Ankle,1010.2127838134766,992.3590350151062,0.565062403678894
72,Nose,1106.7545700073242,777.0982432365417,0.9884251952171326
72,Left Eye,1114.8471450805664,846.344940662384,0.9834259152412415
72,Right Eye,1113.6244583129883,844.4112396240234,0.984616219997406
72,Left Ear,1112.8769302368164,841.6067004203796,0.9829667806625366
72,Right Ear,1125.083885192871,807.9812622070312,0.9866080284118652
72,Left Shoulder,1115.1191711425781,545.6315445899963,0.9783003330230713
72,Right Shoulder,1193.467025756836,698.2693648338318,0.9955886602401733
72,Left Elbow,887.8310966491699,432.6341128349304,0.28579652309417725
72,Right Elbow,1080.6456756591797,757.9188823699951,0.46355995535850525
72,Left Wrist,816.9261932373047,452.43064999580383,0.2151978760957718
72,Right Wrist,1124.626579284668,899.945969581604,0.45792102813720703
72,Left Hip,1125.4597091674805,178.1142783164978,0.8601546287536621
72,Right Hip,1106.7692184448242,221.76795423030853,0.8602501749992371
72,Left Knee,1114.4225692749023,607.0397973060608,0.5489531755447388
72,Right Knee,1053.8116836547852,732.8980565071106,0.6402235627174377
72,Left Ankle,1093.729248046875,907.9707741737366,0.4930040240287781
72,Right Ankle,1016.0214614868164,973.6391043663025,0.5772485733032227
73,Nose,1111.6254043579102,857.736132144928,0.9889225959777832
73,Left Eye,1124.6242904663086,912.4712204933167,0.9841417670249939
73,Right Eye,1125.1927185058594,910.7139658927917,0.9852471947669983
73,Left Ear,1143.5801696777344,913.3943939208984,0.9838159084320068
73,Right Ear,1129.5243072509766,908.8704514503479,0.9871518015861511
73,Left Shoulder,1168.8628005981445,622.788462638855,0.9798287153244019
73,Right Shoulder,1163.961067199707,716.4938163757324,0.9958851933479309
73,Left Elbow,955.7741546630859,445.7811748981476,0.26057761907577515
73,Right Elbow,961.82373046875,754.9305582046509,0.4659750461578369
73,Left Wrist,813.0055618286133,434.7457730770111,0.19665424525737762
73,Right Wrist,806.9167900085449,729.663827419281,0.4687601923942566
73,Left Hip,1140.7990264892578,177.84059643745422,0.872988760471344
73,Right Hip,1087.1795654296875,198.3134686946869,0.8734223246574402
73,Left Knee,1145.0671005249023,604.3829941749573,0.49719616770744324
73,Right Knee,1051.5934753417969,728.6305117607117,0.6112245917320251
73,Left Ankle,1108.0794525146484,905.1673293113708,0.45998722314834595
73,Right Ankle,1071.767349243164,943.9418363571167,0.5645617842674255
74,Nose,1149.4801712036133,816.025185585022,0.9895698428153992
74,Left Eye,1173.7771224975586,841.0952568054199,0.9852199554443359
74,Right Eye,1184.0998077392578,837.9249501228333,0.9861077666282654
74,Left Ear,1197.0580673217773,835.3034234046936,0.9848991632461548
74,Right Ear,1152.5153732299805,847.7792358398438,0.9880734086036682
74,Left Shoulder,1307.549171447754,607.2064590454102,0.9814876914024353
74,Right Shoulder,1077.7346420288086,690.1147198677063,0.9962567090988159
74,Left Elbow,1185.0484085083008,416.48202180862427,0.2393239140510559
74,Right Elbow,909.2708587646484,504.2245030403137,0.5092262029647827
74,Left Wrist,1109.23828125,413.29575061798096,0.181096151471138
74,Right Wrist,717.9141998291016,477.66223311424255,0.4941282868385315
74,Left Hip,1164.5978164672852,177.87658095359802,0.8843122124671936
74,Right Hip,1052.1465682983398,194.04260873794556,0.8846490383148193
74,Left Knee,1211.4838027954102,573.445451259613,0.45274779200553894
74,Right Knee,1045.2313613891602,658.937258720398,0.5861590504646301
74,Left Ankle,1156.2104415893555,907.4405980110168,0.4401734471321106
74,Right Ankle,1088.4312057495117,942.2067260742188,0.5541123151779175
75,Nose,1198.8383102416992,865.397937297821,0.9903067946434021
75,Left Eye,1227.681541442871,912.7493762969971,0.9862912893295288
75,Right Eye,1225.5168914794922,910.6760501861572,0.9869683384895325
75,Left Ear,1224.88037109375,908.8151550292969,0.9859627485275269
75,Right Ear,1214.2814254760742,887.6875448226929,0.9889432787895203
75,Left Shoulder,1262.255516052246,662.9514312744141,0.9828612208366394
75,Right Shoulder,1135.4254531860352,707.552855014801,0.9965749979019165
75,Left Elbow,1115.9684371948242,430.91715574264526,0.21683132648468018
75,Right Elbow,989.5106506347656,528.6607575416565,0.5271279811859131
75,Left Wrist,1103.6928176879883,432.38206028938293,0.1648343950510025
75,Right Wrist,905.8986854553223,543.0066061019897,0.49380695819854736
75,Left Hip,1137.253303527832,186.5345585346222,0.8913592100143433
75,Right Hip,1053.9612579345703,196.25385403633118,0.8925178050994873
75,Left Knee,1232.936782836914,574.6180057525635,0.4091413915157318
75,Right Knee,1098.2873153686523,654.9040961265564,0.5600528120994568
75,Left Ankle,1128.9891815185547,869.8427653312683,0.40101882815361023
75,Right Ankle,1126.4054489135742,863.2969307899475,0.5237801671028137
76,Nose,1221.0713195800781,840.6964015960693,0.9911584258079529
76,Left Eye,1247.6534271240234,860.3289484977722,0.9875537157058716
76,Right Eye,1255.2779388427734,857.0450234413147,0.9881206750869751
76,Left Ear,1263.3403015136719,853.7055444717407,0.9872409701347351
76,Right Ear,1228.3211517333984,860.8163166046143,0.9899574518203735
76,Left Shoulder,1318.9799880981445,652.7916312217712,0.9842255711555481
76,Right Shoulder,1135.2379989624023,715.5017638206482,0.9968677163124084
76,Left Elbow,1248.2597351074219,546.314799785614,0.19970275461673737
76,Right Elbow,1011.4411926269531,628.3412790298462,0.5303002595901489
76,Left Wrist,1217.1118927001953,615.7673621177673,0.1515580266714096
76,Right Wrist,994.4065475463867,683.7013006210327,0.4927714169025421
76,Left Hip,1155.7329940795898,198.64413678646088,0.9010495543479919
76,Right Hip,1061.8731307983398,204.46563005447388,0.9026859402656555
76,Left Knee,1243.1827926635742,575.1701331138611,0.3706705868244171
76,Right Knee,1078.4054946899414,629.4916248321533,0.5415380001068115
76,Left Ankle,1123.8361358642578,673.6487460136414,0.36508992314338684
76,Right Ankle,1112.4430847167969,690.4049777984619,0.4859923720359802
77,Nose,1195.7866287231445,804.4258117675781,0.9916064739227295
77,Left Eye,1208.6333084106445,826.6720962524414,0.988301157951355
77,Right Eye,1211.2263107299805,823.3582377433777,0.988700807094574
77,Left Ear,1216.5622329711914,820.2963352203369,0.9879775047302246
77,Right Ear,1202.0753860473633,826.1639356613159,0.9905099868774414
77,Left Shoulder,1295.181884765625,642.5075912475586,0.9849914312362671
77,Right Shoulder,1148.9958572387695,704.5678782463074,0.9970880746841431
77,Left Elbow,1212.4810409545898,665.2882361412048,0.18672896921634674
77,Right Elbow,1007.5870513916016,788.7321209907532,0.5676172375679016
77,Left Wrist,1212.227554321289,763.1042575836182,0.14767470955848694
77,Right Wrist,1077.238540649414,982.8268718719482,0.5404723286628723
77,Left Hip,1144.6221542358398,205.64145147800446,0.9103074669837952
77,Right Hip,1065.8556747436523,209.37062859535217,0.9122031331062317
77,Left Knee,1227.6202011108398,519.7806286811829,0.3354281485080719
77,Right Knee,1083.485984802246,524.9803590774536,0.5680601000785828
77,Left Ankle,1100.2729797363281,558.6544632911682,0.33243924379348755
77,Right Ankle,1092.2402572631836,567.9278469085693,0.4616450369358063
78,Nose,1189.1356658935547,788.157012462616,0.9913159608840942
78,Left Eye,1207.1088409423828,800.2362871170044,0.9883310794830322
78,Right Eye,1205.5872344970703,817.5336384773254,0.9884170889854431
78,Left Ear,1206.9953155517578,819.4675326347351,0.9879028797149658
78,Right Ear,1188.9459228515625,819.203667640686,0.9904235005378723
78,Left Shoulder,1275.6270217895508,667.9871392250061,0.9851537942886353
78,Right Shoulder,1192.4544525146484,700.20911693573,0.9971923232078552
78,Left Elbow,1205.9305572509766,750.5354261398315,0.1722494512796402
78,Right Elbow,1062.9002380371094,817.6341247558594,0.5876441597938538
78,Left Wrist,1181.6504287719727,867.5808906555176,0.14252807199954987
78,Right Wrist,1115.7526016235352,1018.4313297271729,0.5722962021827698
78,Left Hip,1132.9555892944336,238.57795357704163,0.9184136986732483
78,Right Hip,1087.2301483154297,234.56463396549225,0.9207381010055542
78,Left Knee,1206.7728424072266,567.1585893630981,0.3040682375431061
78,Right Knee,1090.9886169433594,532.415474653244,0.5970597863197327
78,Left Ankle,1093.6368942260742,627.2515726089478,0.30326545238494873
78,Right Ankle,1089.7864151000977,611.7007255554199,0.4471103847026825
79,Nose,1174.244499206543,780.0959658622742,0.9913344383239746
79,Left Eye,1191.0260009765625,799.7508502006531,0.9887509346008301
79,Right Eye,1192.1938705444336,814.6801114082336,0.9886476993560791
79,Left Ear,1195.8184432983398,812.9634118080139,0.9882868528366089
79,Right Ear,1179.4353103637695,815.460569858551,0.9906613230705261
79,Left Shoulder,1292.6011276245117,704.5368504524231,0.9858173131942749
79,Right Shoulder,1207.7766036987305,694.7414660453796,0.9970948696136475
79,Left Elbow,1207.474136352539,845.5068683624268,0.15956461429595947
79,Right Elbow,1064.8247909545898,855.4562330245972,0.6030546426773071
79,Left Wrist,1173.259620666504,904.9739527702332,0.13287463784217834
79,Right Wrist,1119.9991607666016,983.9743852615356,0.5814505219459534
79,Left Hip,1157.9898834228516,266.8758165836334,0.9258899092674255
79,Right Hip,1091.5997314453125,232.2473019361496,0.92828369140625
79,Left Knee,1234.3721008300781,566.8061470985413,0.2759275734424591
79,Right Knee,1089.6700286865234,477.9318916797638,0.6148506999015808
79,Left Ankle,1108.9362716674805,600.2103352546692,0.27622196078300476
79,Right Ankle,1095.6535720825195,586.7406034469604,0.4276781380176544
80,Nose,1166.4091873168945,801.0132694244385,0.9905696511268616
80,Left Eye,1188.4632110595703,828.3063983917236,0.9887476563453674
80,Right Eye,1187.391128540039,834.6379995346069,0.9882037043571472
80,Left Ear,1190.5826568603516,836.8305444717407,0.9881120920181274
80,Right Ear,1178.726692199707,824.8291611671448,0.9907036423683167
80,Left Shoulder,1339.6007537841797,751.3299822807312,0.9867662191390991
80,Right Shoulder,1208.8713455200195,693.2825803756714,0.9972826242446899
80,Left Elbow,1265.7999801635742,728.9154267311096,0.14607176184654236
80,Right Elbow,1099.7379684448242,636.0971331596375,0.5913775563240051
80,Left Wrist,1188.2326126098633,778.7931203842163,0.12411977350711823
80,Right Wrist,1107.1720504760742,667.9310059547424,0.5620619654655457
80,Left Hip,1194.2229080200195,307.0545566082001,0.9329251050949097
80,Right Hip,1107.31201171875,236.5108072757721,0.9353559017181396
80,Left Knee,1228.4710693359375,556.2841200828552,0.2513422966003418
80,Right Knee,1079.146842956543,444.67028975486755,0.6172137260437012
80,Left Ankle,1100.1409149169922,492.20651149749756,0.25382113456726074
80,Right Ankle,1076.1799621582031,470.2685737609863,0.4027448892593384
81,Nose,1201.2615966796875,794.5224738121033,0.9910218715667725
81,Left Eye,1223.2481002807617,818.7753939628601,0.9895392656326294
81,Right Eye,1226.5521240234375,822.4251508712769,0.9888898730278015
81,Left Ear,1230.677833557129,823.9323163032532,0.9888962507247925
81,Right Ear,1216.3324356079102,815.1089000701904,0.9913261532783508
81,Left Shoulder,1355.321273803711,729.3418979644775,0.9879564046859741
81,Right Shoulder,1226.894187927246,677.7741551399231,0.997474730014801
81,Left Elbow,1269.2593002319336,703.0618715286255,0.13849803805351257
81,Right Elbow,1098.0735397338867,640.228271484375,0.584579586982727
81,Left Wrist,1196.322898864746,743.0137610435486,0.1298428475856781
81,Right Wrist,1111.5406036376953,681.0238981246948,0.5542842745780945
81,Left Hip,1214.3605041503906,335.4015040397644,0.9395151734352112
81,Right Hip,1136.1063766479492,272.08011746406555,0.9417476654052734
81,Left Knee,1233.7013626098633,538.5482275485992,0.2309778332710266
81,Right Knee,1093.0395126342773,479.2658293247223,0.601210355758667
81,Left Ankle,1096.6901779174805,490.60285091400146,0.23813945055007935
81,Right Ankle,1075.656967163086,432.9735517501831,0.39132511615753174
82,Nose,1188.387222290039,789.5221066474915,0.9897506237030029
82,Left Eye,1207.8203201293945,817.8858876228333,0.9891794919967651
82,Right Eye,1213.1124114990234,820.9619522094727,0.9880715608596802
82,Left Ear,1219.8627090454102,820.2184438705444,0.9883022904396057
82,Right Ear,1205.2728652954102,809.2496681213379,0.9910157322883606
82,Left Shoulder,1403.2531356811523,724.6285700798035,0.989000141620636
82,Right Shoulder,1208.994369506836,676.5397381782532,0.9975861310958862
82,Left Elbow,1335.1582717895508,684.9787187576294,0.13203200697898865
82,Right Elbow,1061.5038299560547,649.315037727356,0.5815355181694031
82,Left Wrist,1241.7054748535156,706.9068074226379,0.1353101134300232
82,Right Wrist,1116.4851379394531,706.6222786903381,0.5637205243110657
82,Left Hip,1210.4016494750977,333.7683606147766,0.9454913139343262
82,Right Hip,1129.3632888793945,287.62903332710266,0.947520911693573
82,Left Knee,1231.9292449951172,512.0922696590424,0.21694932878017426
82,Right Knee,1093.0274963378906,574.4843029975891,0.5868213772773743
82,Left Ankle,1115.760269165039,417.1012580394745,0.2247479408979416
82,Right Ankle,1074.004783630371,457.19483256340027,0.3738206624984741
83,Nose,1233.8220977783203,855.7311701774597,0.9875001311302185
83,Left Eye,1248.303451538086,866.6523742675781,0.9882494807243347
83,Right Eye,1257.1525955200195,866.0146307945251,0.9865607619285583
83,Left Ear,1266.2223815917969,864.6172213554382,0.9872338175773621
83,Right Ear,1244.0824127197266,902.5053119659424,0.9904302954673767
83,Left Shoulder,1435.385513305664,752.3780393600464,0.9898066520690918
83,Right Shoulder,1229.3936920166016,718.919198513031,0.9976587891578674
83,Left Elbow,1414.207534790039,796.4815378189087,0.14026162028312683
83,Right Elbow,1113.702507019043,779.0129542350769,0.5683480501174927
83,Left Wrist,1342.6055145263672,856.8835115432739,0.153401717543602
83,Right Wrist,1139.6440887451172,856.1298322677612,0.5724798440933228
83,Left Hip,1224.806785583496,340.40360927581787,0.950899600982666
83,Right Hip,1147.858657836914,315.6194508075714,0.9527345299720764
83,Left Knee,1204.7882080078125,516.8712258338928,0.21459852159023285
83,Right Knee,1088.4829330444336,640.6378769874573,0.5628440976142883
83,Left Ankle,1134.9692916870117,422.315536737442,0.21291588246822357
83,Right Ankle,1084.0913772583008,491.7964231967926,0.3502456247806549
84,Nose,1219.7147369384766,826.5642714500427,0.9882785081863403
84,Left Eye,1233.7627029418945,825.4988980293274,0.9890280961990356
84,Right Eye,1242.0378112792969,825.9697222709656,0.9873456358909607
84,Left Ear,1250.5391693115234,826.2683486938477,0.9880514740943909
84,Right Ear,1224.3132019042969,832.0649456977844,0.9910237789154053
84,Left Shoulder,1423.8114166259766,728.5945272445679,0.9907368421554565
84,Right Shoulder,1221.482276916504,709.235565662384,0.9978352785110474
84,Left Elbow,1371.0963821411133,730.236554145813,0.13432633876800537
84,Right Elbow,1110.7959365844727,747.4043869972229,0.5658723711967468
84,Left Wrist,1253.5441589355469,729.4454741477966,0.15446160733699799
84,Right Wrist,1134.3278503417969,833.4512829780579,0.5810103416442871
84,Left Hip,1229.977684020996,347.02791452407837,0.955647349357605
84,Right Hip,1140.842514038086,314.021133184433,0.9573608040809631
84,Left Knee,1239.7798919677734,551.6168832778931,0.19818130135536194
84,Right Knee,1086.3046646118164,654.8786687850952,0.532609224319458
84,Left Ankle,1139.553337097168,492.5219392776489,0.19686663150787354
84,Right Ankle,1086.4873123168945,512.6592350006104,0.3273804783821106
85,Nose,1223.682975769043,832.6849222183228,0.9872554540634155
85,Left Eye,1234.9864196777344,836.7720937728882,0.9884586334228516
85,Right Eye,1243.7351989746094,836.6361379623413,0.9863786101341248
85,Left Ear,1252.544174194336,836.3047456741333,0.9873382449150085
85,Right Ear,1220.0859832763672,836.9777011871338,0.9902778267860413
85,Left Shoulder,1431.5875625610352,734.2155146598816,0.9915612936019897
85,Right Shoulder,1220.6903457641602,726.6045641899109,0.9979242086410522
85,Left Elbow,1393.6574935913086,723.9646911621094,0.1331316977739334
85,Right Elbow,1106.3795471191406,736.0193753242493,0.5434724688529968
85,Left Wrist,1245.5906295776367,763.9409136772156,0.16269728541374207
85,Right Wrist,1133.8466262817383,760.4700493812561,0.5647231340408325
85,Left Hip,1245.7415771484375,334.3117654323578,0.9600566625595093
85,Right Hip,1141.4695358276367,338.49884390830994,0.9615902304649353
85,Left Knee,1228.498764038086,412.15580105781555,0.18367967009544373
85,Right Knee,1084.119987487793,553.7343049049377,0.4853017330169678
85,Left Ankle,1131.653709411621,361.0272753238678,0.18225836753845215
85,Right Ankle,1068.1593704223633,391.9671034812927,0.29971253871917725
86,Nose,1246.347427368164,828.9133715629578,0.9880474805831909
86,Left Eye,1252.2523498535156,834.8210120201111,0.9892446398735046
86,Right Eye,1258.608283996582,833.8745999336243,0.9872258901596069
86,Left Ear,1265.0562286376953,832.8181743621826,0.9881823658943176
86,Right Ear,1240.3301239013672,837.0198655128479,0.9908822774887085
86,Left Shoulder,1429.3553924560547,724.445686340332,0.9923409819602966
86,Right Shoulder,1247.3151397705078,737.9530763626099,0.9980959892272949
86,Left Elbow,1354.5467376708984,597.0143437385559,0.12257174402475357
86,Right Elbow,1125.820198059082,703.3828353881836,0.5071367025375366
86,Left Wrist,1228.4870910644531,542.4551868438721,0.15042170882225037
86,Right Wrist,1127.538185119629,725.157458782196,0.5348328948020935
86,Left Hip,1253.0097198486328,373.9861750602722,0.9639114737510681
86,Right Hip,1165.6143951416016,354.34937953948975,0.9653155207633972
86,Left Knee,1277.7916717529297,546.1286330223083,0.17287558317184448
86,Right Knee,1144.5494842529297,689.6755027770996,0.4602215588092804
86,Left Ankle,1191.5619277954102,596.3274836540222,0.17275698482990265
86,Right Ankle,1125.6533432006836,610.2341794967651,0.2858167588710785
87,Nose,1241.0426330566406,823.1216669082642,0.9864903688430786
87,Left Eye,1248.340187072754,832.5295901298523,0.9882960319519043
87,Right Eye,1252.55859375,832.5717544555664,0.9857597351074219
87,Left Ear,1257.3181915283203,832.5676345825195,0.9870043396949768
87,Right Ear,1246.1732482910156,834.2445516586304,0.9895170331001282
87,Left Shoulder,1412.3030090332031,732.8262162208557,0.992886483669281
87,Right Shoulder,1302.8369522094727,765.2077102661133,0.9981920719146729
87,Left Elbow,1320.296859741211,573.6994028091431,0.11106815934181213
87,Right Elbow,1121.4032363891602,697.9518127441406,0.4800346791744232
87,Left Wrist,1212.421531677246,522.2303438186646,0.13641031086444855
87,Right Wrist,1127.021827697754,763.1305861473083,0.49099001288414
87,Left Hip,1249.4258880615234,370.59651732444763,0.967423677444458
87,Right Hip,1232.3176574707031,393.81293535232544,0.9686286449432373
87,Left Knee,1257.959976196289,563.6806440353394,0.16208554804325104
87,Right Knee,1206.1518859863281,762.3981499671936,0.4558764398097992
87,Left Ankle,1181.3032150268555,489.2947590351105,0.17077240347862244
87,Right Ankle,1130.8242416381836,684.3243026733398,0.2829979360103607
88,Nose,1267.496566772461,821.2116551399231,0.9873563647270203
88,Left Eye,1274.0895080566406,843.2919216156006,0.9890995621681213
88,Right Eye,1275.421371459961,844.5744895935059,0.9867266416549683
88,Left Ear,1277.0063781738281,845.7089352607727,0.9878574013710022
88,Right Ear,1279.1805267333984,843.1669735908508,0.9901749491691589
88,Left Shoulder,1415.2738952636719,745.194525718689,0.993499755859375
88,Right Shoulder,1352.3700714111328,773.4184241294861,0.9983475804328918
88,Left Elbow,1315.403823852539,583.0210661888123,0.10095911473035812
88,Right Elbow,1171.3165283203125,658.2379746437073,0.4558180868625641
88,Left Wrist,1210.3432846069336,536.1475968360901,0.12423854321241379
88,Right Wrist,1124.2992782592773,698.0538439750671,0.4493403136730194
88,Left Hip,1265.090560913086,401.89091205596924,0.9705860018730164
88,Right Hip,1284.265365600586,402.9757583141327,0.971682071685791
88,Left Knee,1251.697883605957,630.9723329544067,0.15677526593208313
88,Right Knee,1270.1347732543945,735.3001999855042,0.4742673337459564
88,Left Ankle,1175.2899169921875,587.29163646698,0.1779727190732956
88,Right Ankle,1134.2768096923828,762.6151514053345,0.2929611802101135
89,Nose,1346.2182998657227,828.7114334106445,0.988272488117218
89,Left Eye,1367.0920944213867,849.2093467712402,0.9897689819335938
89,Right Eye,1371.573143005371,849.8106551170349,0.9876479506492615
89,Left Ear,1376.09619140625,850.2952551841736,0.9885395765304565
89,Right Ear,1364.132080078125,847.5243186950684,0.9908477067947388
89,Left Shoulder,1424.5400619506836,753.1855344772339,0.9935503602027893
89,Right Shoulder,1402.434425354004,762.3159456253052,0.9984002709388733
89,Left Elbow,1306.4490509033203,623.1349182128906,0.09606114774942398
89,Right Elbow,1214.242286682129,641.3473963737488,0.4876973032951355
89,Left Wrist,1195.4082870483398,668.6192178726196,0.11886561661958694
89,Right Wrist,1118.6997985839844,674.9025392532349,0.44884565472602844
89,Left Hip,1308.5181427001953,415.05223274230957,0.9721103310585022
89,Right Hip,1315.6914138793945,389.5674705505371,0.9739562273025513
89,Left Knee,1277.0119857788086,735.2590656280518,0.15372861921787262
89,Right Knee,1290.4565048217773,737.2339010238647,0.5181427597999573
89,Left Ankle,1131.493148803711,877.0026540756226,0.19209781289100647
89,Right Ankle,1098.003158569336,894.0237808227539,0.3489453196525574
90,Nose,1348.4184265136719,786.8822336196899,0.988214373588562
90,Left Eye,1362.4089431762695,812.4912357330322,0.9895877838134766
90,Right Eye,1364.966697692871,813.3963203430176,0.9874424338340759
90,Left Ear,1367.633171081543,814.226861000061,0.988334596157074
90,Right Ear,1363.378028869629,810.0313496589661,0.9907572865486145
90,Left Shoulder,1444.0559005737305,717.7549481391907,0.9930971264839172
90,Right Shoulder,1396.615333557129,721.7682838439941,0.9983829259872437
90,Left Elbow,1306.4766311645508,636.7409920692444,0.09047775715589523
90,Right Elbow,1215.7787704467773,650.9215950965881,0.4861288070678711
90,Left Wrist,1257.8315734863281,670.7807993888855,0.11040849983692169
90,Right Wrist,1181.0270690917969,688.9119744300842,0.4221123456954956
90,Left Hip,1339.2641830444336,396.35393142700195,0.9732794761657715
90,Right Hip,1336.4786911010742,379.4614541530609,0.975792646408081
90,Left Knee,1284.6116638183594,665.8671426773071,0.14794033765792847
90,Right Knee,1267.2660827636719,685.5970859527588,0.5451094508171082
90,Left Ankle,1106.7340850830078,805.098831653595,0.19220437109470367
90,Right Ankle,1069.2561721801758,702.975869178772,0.3681868314743042
91,Nose,1335.7307052612305,772.734010219574,0.9873631596565247
91,Left Eye,1348.340835571289,797.9443502426147,0.9889270067214966
91,Right Eye,1351.6672897338867,799.2362523078918,0.9867621660232544
91,Left Ear,1355.0375747680664,800.4483962059021,0.9877704977989197
91,Right Ear,1347.1160888671875,794.9771404266357,0.9900070428848267
91,Left Shoulder,1444.5503997802734,713.5417985916138,0.9928273558616638
91,Right Shoulder,1428.6790466308594,723.1207609176636,0.9982753396034241
91,Left Elbow,1306.1219787597656,659.9324655532837,0.08467677235603333
91,Right Elbow,1241.8267822265625,703.2621359825134,0.5055463314056396
91,Left Wrist,1246.8336868286133,695.4539465904236,0.10362149775028229
91,Right Wrist,1191.5264511108398,804.619574546814,0.432046115398407
91,Left Hip,1350.7004928588867,385.7548177242279,0.9751829504966736
91,Right Hip,1358.3585357666016,372.53684878349304,0.9776848554611206
91,Left Knee,1293.244972229004,659.0636229515076,0.14511045813560486
91,Right Knee,1275.7674407958984,663.8665580749512,0.5632367134094238
91,Left Ankle,1123.6874771118164,556.3204264640808,0.1896980255842209
91,Right Ankle,1109.904670715332,532.4168586730957,0.36425063014030457
92,Nose,1319.5877838134766,773.5573410987854,0.9877139329910278
92,Left Eye,1330.2041244506836,803.7303900718689,0.9895648956298828
92,Right Eye,1332.7396774291992,803.6187028884888,0.9876139760017395
92,Left Ear,1336.8717956542969,803.5759592056274,0.9885565042495728
92,Right Ear,1334.117431640625,805.1718950271606,0.9904032349586487
92,Left Shoulder,1395.1447677612305,710.0018620491028,0.9933786392211914
92,Right Shoulder,1444.317741394043,719.8341965675354,0.9983280301094055
92,Left Elbow,1280.778694152832,559.1836094856262,0.08030342310667038
92,Right Elbow,1325.189552307129,612.6589179039001,0.4870665967464447
92,Left Wrist,1209.678840637207,486.71716690063477,0.10075409710407257
92,Right Wrist,1180.3480911254883,644.6485733985901,0.41481316089630127
92,Left Hip,1332.6390838623047,379.9809443950653,0.977503776550293
92,Right Hip,1388.0248260498047,369.0304183959961,0.9797837138175964
92,Left Knee,1265.0323104858398,661.4040327072144,0.16366802155971527
92,Right Knee,1353.1666946411133,655.851731300354,0.5859369039535522
92,Left Ankle,1207.1864318847656,518.2108283042908,0.2020411342382431
92,Right Ankle,1198.5709762573242,509.7173237800598,0.36271902918815613
93,Nose,1318.5803604125977,726.3738512992859,0.9880810976028442
93,Left Eye,1326.8070602416992,749.5073890686035,0.9900215268135071
93,Right Eye,1329.3515396118164,749.6637511253357,0.9882322549819946
93,Left Ear,1332.5788879394531,749.6674203872681,0.9890689253807068
93,Right Ear,1328.8054275512695,751.9035458564758,0.9908158183097839
93,Left Shoulder,1444.8276901245117,675.5973815917969,0.9939481019973755
93,Right Shoulder,1430.258445739746,710.6529951095581,0.9984843134880066
93,Left Elbow,1407.879409790039,543.0824375152588,0.0745135247707367
93,Right Elbow,1407.8260803222656,566.7193722724915,0.47206664085388184
93,Left Wrist,1238.9717102050781,503.3772575855255,0.0953395664691925
93,Right Wrist,1198.6699676513672,544.6223044395447,0.4041193127632141
93,Left Hip,1373.3393096923828,345.8524954319,0.9797236323356628
93,Right Hip,1386.6669845581055,369.4374167919159,0.9817778468132019
93,Left Knee,1276.9865798950195,651.0814332962036,0.19300715625286102
93,Right Knee,1306.4955139160156,712.9011583328247,0.6159644722938538
93,Left Ankle,1200.2315139770508,520.4079115390778,0.23122252523899078
93,Right Ankle,1177.5235748291016,611.6664147377014,0.3906165361404419
95,Nose,1256.7854690551758,244.58797931671143,0.9892460703849792
95,Left Eye,1269.8237228393555,218.14634442329407,0.9909909963607788
95,Right Eye,1275.1328659057617,216.5252387523651,0.9893830418586731
95,Left Ear,1280.9263229370117,214.88829731941223,0.9901360273361206
95,Right Ear,1263.9103317260742,217.73194313049316,0.991712749004364
95,Left Shoulder,1465.250473022461,295.0474441051483,0.9945418834686279
95,Right Shoulder,1295.8600616455078,349.5916986465454,0.9985606670379639
95,Left Elbow,1555.6724166870117,482.34408259391785,0.1647605299949646
95,Right Elbow,1228.253288269043,513.7883377075195,0.47783181071281433
95,Left Wrist,1353.2676315307617,519.2979598045349,0.16577646136283875
95,Right Wrist,1214.4331741333008,497.4015426635742,0.40205103158950806
95,Left Hip,1479.8231506347656,627.2663140296936,0.9815269708633423
95,Right Hip,1371.7097854614258,613.79065990448,0.9832061529159546
95,Left Knee,1240.9852981567383,702.4505853652954,0.270599365234375
95,Right Knee,1129.5985794067383,631.6989755630493,0.6302234530448914
95,Left Ankle,1131.3014602661133,1006.830153465271,0.30366459488868713
95,Right Ankle,1122.264175415039,881.5700483322144,0.41457340121269226
96,Nose,1263.2460021972656,244.54164683818817,0.9902985692024231
96,Left Eye,1278.4806060791016,218.10603082180023,0.9918678998947144
96,Right Eye,1284.8060989379883,216.43054604530334,0.9904235601425171
96,Left Ear,1291.629981994629,214.68193352222443,0.9911020398139954
96,Right Ear,1270.953025817871,217.80342936515808,0.9925222992897034
96,Left Shoulder,1468.9763259887695,294.1186058521271,0.9950839877128601
96,Right Shoulder,1295.8622360229492,351.225711107254,0.9986335635185242
96,Left Elbow,1573.3586883544922,470.10815620422363,0.24724453687667847
96,Right Elbow,1228.7641525268555,513.5125637054443,0.487652987241745
96,Left Wrist,1389.3593215942383,511.78327918052673,0.24092239141464233
96,Right Wrist,1220.9313583374023,479.8103928565979,0.41977813839912415
96,Left Hip,1478.7944412231445,617.9111766815186,0.98317950963974
96,Right Hip,1364.483985900879,612.9252934455872,0.984560489654541
96,Left Knee,1242.3779296875,689.4211006164551,0.33936524391174316
96,Right Knee,1131.328010559082,623.859372138977,0.6421828269958496
96,Left Ankle,1129.8839950561523,988.7457132339478,0.3646395206451416
96,Right Ankle,1118.0525207519531,893.7474274635315,0.43725672364234924
97,Nose,1278.1280136108398,244.6958202123642,0.9912486672401428
97,Left Eye,1293.8646697998047,218.12252640724182,0.9926648736000061
97,Right Eye,1300.5895614624023,216.44818425178528,0.9913674592971802
97,Left Ear,1307.8288650512695,214.68545794487,0.9919780492782593
97,Right Ear,1284.3406677246094,218.14603865146637,0.9932565689086914
97,Left Shoulder,1479.774284362793,293.5000455379486,0.9955731630325317
97,Right Shoulder,1297.1427154541016,357.9586458206177,0.9986985921859741
97,Left Elbow,1606.2582778930664,454.54028248786926,0.3213895261287689
97,Right Elbow,1231.256446838379,521.6622841358185,0.5037506818771362
97,Left Wrist,1425.9273147583008,498.5909307003021,0.30942025780677795
97,Right Wrist,1230.4812240600586,465.80395102500916,0.44904232025146484
97,Left Hip,1478.4869384765625,612.8768849372864,0.984684407711029
97,Right Hip,1364.8749160766602,612.9043078422546,0.9856934547424316
97,Left Knee,1239.0365982055664,682.2150564193726,0.40119194984436035
97,Right Knee,1138.7923049926758,615.1176452636719,0.6538451910018921
97,Left Ankle,1123.6885070800781,989.6739077568054,0.4210358262062073
97,Right Ankle,1118.4039688110352,900.6361770629883,0.45690059661865234
98,Nose,1292.8517532348633,244.8211544752121,0.9921025037765503
98,Left Eye,1308.2585906982422,218.20020854473114,0.9933820366859436
98,Right Eye,1314.8091888427734,216.4984756708145,0.9922178983688354
98,Left Ear,1322.226905822754,214.69963610172272,0.9927670359611511
98,Right Ear,1298.8243103027344,218.87372732162476,0.9939152598381042
98,Left Shoulder,1490.4679870605469,291.9399654865265,0.9960137605667114
98,Right Shoulder,1303.2139205932617,361.10175490379333,0.9987025856971741
98,Left Elbow,1620.8648300170898,437.43547081947327,0.38817861676216125
98,Right Elbow,1239.543685913086,522.2989654541016,0.5068610310554504
98,Left Wrist,1448.9899063110352,476.61755561828613,0.3715320825576782
98,Right Wrist,1240.6287002563477,469.0438449382782,0.46008992195129395
98,Left Hip,1480.2660369873047,612.0718359947205,0.9859602451324463
98,Right Hip,1373.759536743164,612.9054665565491,0.9864581823348999
98,Left Knee,1235.4828643798828,665.9846878051758,0.45622143149375916
98,Right Knee,1157.8779602050781,618.3758211135864,0.6625387668609619
98,Left Ankle,1116.833839416504,991.7407965660095,0.47174879908561707
98,Right Ankle,1118.5019302368164,909.6541929244995,0.47703149914741516
99,Nose,1307.541732788086,245.01721858978271,0.9928838014602661
99,Left Eye,1321.6494369506836,218.3045732975006,0.994037389755249
99,Right Eye,1328.2382583618164,216.53880536556244,0.9929904937744141
99,Left Ear,1335.893898010254,214.70877707004547,0.9934846758842468
99,Right Ear,1312.3567199707031,219.89656627178192,0.9945189952850342
99,Left Shoulder,1498.2364654541016,290.88608264923096,0.9964115023612976
99,Right Shoulder,1313.591651916504,373.22805404663086,0.9987707138061523
99,Left Elbow,1631.3036727905273,426.2573218345642,0.4486076533794403
99,Right Elbow,1253.4396743774414,535.3616988658905,0.5249845385551453
99,Left Wrist,1448.536148071289,450.48664927482605,0.4300138056278229
99,Right Wrist,1249.0414810180664,450.17215490341187,0.49869295954704285
99,Left Hip,1481.755027770996,602.7305388450623,0.9873085618019104
99,Right Hip,1378.8236618041992,607.3690009117126,0.9876507520675659
99,Left Knee,1236.0036849975586,688.867814540863,0.5085628628730774
99,Right Knee,1156.237907409668,600.2646017074585,0.6766512989997864
99,Left Ankle,1106.084976196289,994.600567817688,0.5200111865997314
99,Right Ankle,1112.1225357055664,906.3051223754883,0.5002483129501343
100,Nose,1320.8917236328125,246.11130237579346,0.9935922622680664
100,Left Eye,1334.2947006225586,219.85852181911469,0.9946313500404358
100,Right Eye,1341.3256072998047,217.5923502445221,0.9936893582344055
100,Left Ear,1349.3975830078125,215.45564889907837,0.9941343069076538
100,Right Ear,1324.4270324707031,223.34192276000977,0.9950655698776245
100,Left Shoulder,1507.5701522827148,290.2345633506775,0.9967699646949768
100,Right Shoulder,1317.941665649414,372.0144295692444,0.9988704919815063
100,Left Elbow,1636.7232513427734,420.5392599105835,0.5032985806465149
100,Right Elbow,1261.465187072754,536.7291104793549,0.549951434135437
100,Left Wrist,1456.5545654296875,433.23487401008606,0.4841441810131073
100,Right Wrist,1251.0959243774414,439.417644739151,0.5407131314277649
100,Left Hip,1481.9304656982422,592.4960017204285,0.9885456562042236
100,Right Hip,1378.194808959961,598.2088494300842,0.9888069033622742
100,Left Knee,1252.2745513916016,697.9578638076782,0.5559850931167603
100,Right Knee,1156.0017013549805,591.1285901069641,0.6975772976875305
100,Left Ankle,1087.9603958129883,977.2996115684509,0.5631459951400757
100,Right Ankle,1107.1895599365234,904.2803335189819,0.5311479568481445
101,Nose,1332.8956604003906,247.74412393569946,0.9942308664321899
101,Left Eye,1350.2174377441406,222.87352859973907,0.9951666593551636
101,Right Eye,1358.6377716064453,221.00334763526917,0.9943188428878784
101,Left Ear,1368.068962097168,219.26334500312805,0.9947194457054138
101,Right Ear,1338.0035018920898,226.68256044387817,0.995557963848114
101,Left Shoulder,1515.0273513793945,289.3652379512787,0.9970926642417908
101,Right Shoulder,1327.921142578125,375.0700557231903,0.9989640712738037
101,Left Elbow,1636.8545150756836,418.91480684280396,0.5524307489395142
101,Right Elbow,1271.004867553711,535.5721342563629,0.5537216067314148
101,Left Wrist,1454.7779846191406,410.71194648742676,0.532394289970398
101,Right Wrist,1256.7680740356445,431.3744294643402,0.5716044306755066
101,Left Hip,1484.0280532836914,582.5397491455078,0.9896805286407471
101,Right Hip,1377.389144897461,595.5627965927124,0.9898903965950012
101,Left Knee,1267.258415222168,688.452672958374,0.5995853543281555
101,Right Knee,1155.2106857299805,575.3914475440979,0.7156020998954773
101,Left Ankle,1073.437156677246,980.683765411377,0.603378415107727
101,Right Ankle,1098.7193298339844,872.1070218086243,0.5578067898750305
102,Nose,1336.435661315918,254.5283478498459,0.9948065876960754
102,Left Eye,1355.7468795776367,230.27378618717194,0.9956489205360413
102,Right Eye,1365.680809020996,229.09724056720734,0.9948859214782715
102,Left Ear,1376.8090438842773,228.20034742355347,0.9952465295791626
102,Right Ear,1340.0212097167969,232.35200464725494,0.9960013628005981
102,Left Shoulder,1515.8591079711914,290.9286653995514,0.9973829388618469
102,Right Shoulder,1326.0554122924805,375.2112579345703,0.9990421533584595
102,Left Elbow,1631.429214477539,420.62413573265076,0.5963208675384521
102,Right Elbow,1269.840431213379,534.4375598430634,0.5429806113243103
102,Left Wrist,1444.185562133789,386.05122327804565,0.573642909526825
102,Right Wrist,1255.0079727172852,436.5092396736145,0.5844156742095947
102,Left Hip,1483.971176147461,576.2330603599548,0.9907074570655823
102,Right Hip,1364.4116592407227,596.4793395996094,0.9908871054649353
102,Left Knee,1277.0952987670898,601.59512758255,0.6389473676681519
102,Right Knee,1154.5001220703125,566.158812046051,0.7351154088973999
102,Left Ankle,1083.0450439453125,907.2278451919556,0.6386919617652893
102,Right Ankle,1090.224609375,863.4966802597046,0.5874579548835754
103,Nose,1340.5506134033203,264.03783559799194,0.995324969291687
103,Left Eye,1364.3934631347656,242.2495973110199,0.9960832595825195
103,Right Eye,1375.4719161987305,243.5480010509491,0.9953964948654175
103,Left Ear,1388.7555313110352,245.67652702331543,0.9957212209701538
103,Right Ear,1345.806884765625,240.20293772220612,0.9964007139205933
103,Left Shoulder,1511.0953903198242,319.6018874645233,0.9976439476013184
103,Right Shoulder,1319.68505859375,377.93137192726135,0.9991203546524048
103,Left Elbow,1625.6752395629883,420.81252336502075,0.6357439756393433
103,Right Elbow,1266.6161727905273,524.2027008533478,0.5182311534881592
103,Left Wrist,1439.839096069336,373.9682471752167,0.6103317141532898
103,Right Wrist,1252.3997497558594,445.64818024635315,0.5801312327384949
103,Left Hip,1475.2281188964844,581.8529534339905,0.9916343092918396
103,Right Hip,1359.8705291748047,599.2932772636414,0.991791307926178
103,Left Knee,1280.0074768066406,582.1841526031494,0.6743533611297607
103,Right Knee,1156.1069869995117,565.4390573501587,0.7531008124351501
103,Left Ankle,1087.2237396240234,899.8041558265686,0.6715905666351318
103,Right Ankle,1080.2176666259766,859.506196975708,0.6168273091316223
104,Nose,1344.159049987793,273.02578926086426,0.995791494846344
104,Left Eye,1370.255241394043,254.2995822429657,0.9964742064476013
104,Right Eye,1382.4943542480469,257.6562488079071,0.995855987071991
104,Left Ear,1397.1807861328125,262.7879047393799,0.996148407459259
104,Right Ear,1350.000114440918,249.68933165073395,0.9967601895332336
104,Left Shoulder,1502.035903930664,350.35075306892395,0.9978784918785095
104,Right Shoulder,1314.3379211425781,382.4778127670288,0.9991952180862427
104,Left Elbow,1580.3326034545898,421.48518919944763,0.6704413294792175
104,Right Elbow,1264.9388122558594,522.0861804485321,0.5021511912345886
104,Left Wrist,1414.464225769043,372.1657705307007,0.6422566771507263
104,Right Wrist,1251.0985565185547,447.10790276527405,0.5824564695358276
104,Left Hip,1466.8452072143555,583.3726716041565,0.9924691915512085
104,Right Hip,1355.6426239013672,599.6728205680847,0.9926072359085083
104,Left Knee,1279.5459365844727,604.1104388237,0.7060659527778625
104,Right Knee,1158.3008193969727,558.8617444038391,0.7659658193588257
104,Left Ankle,1099.0984725952148,906.3900947570801,0.7002832293510437
104,Right Ankle,1070.0581741333008,843.4115266799927,0.640678882598877
105,Nose,1343.7158203125,286.8364405632019,0.9962105751037598
105,Left Eye,1368.0350875854492,270.78306555747986,0.9968255162239075
105,Right Eye,1380.3562545776367,273.5007977485657,0.9962689876556396
105,Left Ear,1394.3029403686523,277.2674238681793,0.9965322017669678
105,Right Ear,1348.0175399780273,268.0720764398575,0.9970832467079163
105,Left Shoulder,1500.5644226074219,352.95750617980957,0.9980899095535278
105,Right Shoulder,1313.7843704223633,390.7382547855377,0.9992595314979553
105,Left Elbow,1573.7120819091797,400.83467960357666,0.7016832232475281
105,Right Elbow,1263.3415603637695,520.1092529296875,0.48372480273246765
105,Left Wrist,1393.7487030029297,363.131468296051,0.6695072054862976
105,Right Wrist,1250.2693176269531,455.35595297813416,0.583507239818573
105,Left Hip,1455.032844543457,584.6934127807617,0.9932217001914978
105,Right Hip,1346.6485977172852,592.8785705566406,0.993344247341156
105,Left Knee,1276.8249893188477,547.314190864563,0.7350497841835022
105,Right Knee,1166.173210144043,538.5370588302612,0.7789153456687927
105,Left Ankle,1118.4730911254883,871.5317845344543,0.7275270223617554
105,Right Ankle,1070.1334762573242,811.2519907951355,0.6618555188179016
106,Nose,1340.7358932495117,302.75543689727783,0.9965882897377014
106,Left Eye,1365.2579498291016,289.6097266674042,0.9971420168876648
106,Right Eye,1376.4691543579102,292.2907340526581,0.9966410398483276
106,Left Ear,1388.664894104004,295.5304026603699,0.9968779683113098
106,Right Ear,1346.5557861328125,285.2621018886566,0.9973742365837097
106,Left Shoulder,1484.498405456543,368.6511969566345,0.9982801675796509
106,Right Shoulder,1306.4143753051758,390.7252514362335,0.9993237853050232
106,Left Elbow,1552.6360702514648,407.9936671257019,0.7300724387168884
106,Right Elbow,1246.1291885375977,505.25871992111206,0.46658554673194885
106,Left Wrist,1373.3510971069336,357.8259086608887,0.6965395212173462
106,Right Wrist,1228.7527084350586,460.3878629207611,0.5763330459594727
106,Left Hip,1446.023941040039,582.917103767395,0.9938989281654358
106,Right Hip,1346.1456298828125,594.2191386222839,0.9940081238746643
106,Left Knee,1289.9348831176758,515.6412827968597,0.7612977027893066
106,Right Knee,1174.2030715942383,532.415474653244,0.7946919202804565
106,Left Ankle,1150.2495574951172,868.7658047676086,0.7530753016471863
106,Right Ankle,1070.5857467651367,791.0644841194153,0.6845768690109253
107,Nose,1341.6557693481445,341.0884094238281,0.99692302942276
107,Left Eye,1361.7495346069336,319.4520592689514,0.9974233508110046
107,Right Eye,1372.661247253418,318.3397579193115,0.9969726800918579
107,Left Ear,1383.7081146240234,317.9504942893982,0.9971854090690613
107,Right Ear,1342.986717224121,321.79784417152405,0.9976327419281006
107,Left Shoulder,1485.0138473510742,362.14189410209656,0.9984502196311951
107,Right Shoulder,1321.5132522583008,416.7745006084442,0.9993350505828857
107,Left Elbow,1553.1580352783203,402.6664137840271,0.7534723877906799
107,Right Elbow,1242.5336837768555,500.2470874786377,0.44694843888282776
107,Left Wrist,1368.9121627807617,357.18822956085205,0.7166152000427246
107,Right Wrist,1229.363021850586,446.85556054115295,0.569408655166626
107,Left Hip,1450.7844543457031,583.0468153953552,0.9945074319839478
107,Right Hip,1352.200698852539,603.1900978088379,0.994601845741272
107,Left Knee,1305.530662536621,506.2306237220764,0.7848621606826782
107,Right Knee,1179.1875457763672,524.0885674953461,0.8087018728256226
107,Left Ankle,1182.5031280517578,850.0031304359436,0.7761040925979614
107,Right Ankle,1072.4402618408203,771.251049041748,0.7047833204269409
108,Nose,1359.6050262451172,332.2410464286804,0.9972050786018372
108,Left Eye,1373.4123229980469,315.79444885253906,0.9976653456687927
108,Right Eye,1378.9812469482422,322.4033045768738,0.9972609281539917
108,Left Ear,1391.0572814941406,321.82671546936035,0.997454047203064
108,Right Ear,1343.5709381103516,327.70442247390747,0.9978539943695068
108,Left Shoulder,1487.0796203613281,367.9094588756561,0.9985954165458679
108,Right Shoulder,1339.5487976074219,435.1234495639801,0.998734712600708
108,Left Elbow,1537.2065734863281,390.90015292167664,0.7722823023796082
108,Right Elbow,1257.9486465454102,503.95410418510437,0.4149250090122223
108,Left Wrist,1361.458511352539,359.2314291000366,0.7296514511108398
108,Right Wrist,1233.3057403564453,432.9608380794525,0.5328213572502136
108,Left Hip,1453.3531951904297,602.525897026062,0.9950466752052307
108,Right Hip,1359.0056991577148,622.306501865387,0.9951035976409912
108,Left Knee,1309.0642547607422,514.343683719635,0.8052167296409607
108,Right Knee,1187.3539352416992,522.1802294254303,0.8115969300270081
108,Left Ankle,1209.3080520629883,810.8544230461121,0.7940142750740051
108,Right Ankle,1071.3164520263672,749.7876048088074,0.7101691365242004
109,Nose,1352.666244506836,360.513836145401,0.9974774122238159
109,Left Eye,1369.442024230957,346.66491508483887,0.9978941679000854
109,Right Eye,1375.1887893676758,346.55519127845764,0.9975297451019287
109,Left Ear,1386.9512557983398,345.83595156669617,0.9977026581764221
109,Right Ear,1343.0213928222656,350.80461502075195,0.9980654120445251
109,Left Shoulder,1483.3581161499023,374.33295249938965,0.9987320899963379
109,Right Shoulder,1341.0907745361328,441.4544713497162,0.9988296627998352
109,Left Elbow,1539.3360900878906,369.4174289703369,0.7931868433952332
109,Right Elbow,1255.6000900268555,501.7879843711853,0.4409053325653076
109,Left Wrist,1353.3555221557617,365.6061279773712,0.7512146830558777
109,Right Wrist,1245.615119934082,419.4417643547058,0.5600870251655579
109,Left Hip,1453.9165878295898,581.3354587554932,0.9955405592918396
109,Right Hip,1363.6372375488281,606.8780279159546,0.9955912232398987
109,Left Knee,1300.8049392700195,525.7553780078888,0.8234357833862305
109,Right Knee,1187.6701354980469,524.2623424530029,0.8230205178260803
109,Left Ankle,1206.8730926513672,776.9646692276001,0.8079860210418701
109,Right Ankle,1077.8144073486328,732.3622798919678,0.7247545123100281
110,Nose,1351.801872253418,396.2090599536896,0.9976900815963745
110,Left Eye,1358.4070587158203,380.9255540370941,0.9980798959732056
110,Right Eye,1364.882583618164,378.5655426979065,0.9977474212646484
110,Left Ear,1372.7204132080078,376.09577536582947,0.9979068636894226
110,Right Ear,1330.671615600586,386.48471117019653,0.9982410073280334
110,Left Shoulder,1471.988182067871,397.34424591064453,0.9988408088684082
110,Right Shoulder,1342.309455871582,458.7982678413391,0.998831033706665
110,Left Elbow,1514.1804885864258,377.3065996170044,0.804305374622345
110,Right Elbow,1260.3034973144531,490.36386609077454,0.42474862933158875
110,Left Wrist,1343.2660675048828,369.0941798686981,0.7466441988945007
110,Right Wrist,1251.7405700683594,404.8651385307312,0.5492478609085083
110,Left Hip,1439.9241256713867,623.7538003921509,0.9959729909896851
110,Right Hip,1360.7823944091797,639.2371201515198,0.9960176944732666
110,Left Knee,1330.1848983764648,521.7205739021301,0.8387704491615295
110,Right Knee,1190.8173751831055,513.6411166191101,0.8314571976661682
110,Left Ankle,1204.4626235961914,730.9339070320129,0.8170948028564453
110,Right Ankle,1097.3649215698242,722.9339504241943,0.734908401966095
111,Nose,1334.3363571166992,385.94642400741577,0.9975770711898804
111,Left Eye,1343.5404968261719,367.82657861709595,0.9980247616767883
111,Right Eye,1347.956199645996,365.29324293136597,0.9976987838745117
111,Left Ear,1352.805290222168,362.836993932724,0.9979065656661987
111,Right Ear,1327.9133605957031,373.9491605758667,0.9981846809387207
111,Left Shoulder,1450.0619888305664,387.5510501861572,0.9989252686500549
111,Right Shoulder,1340.9520721435547,444.1942512989044,0.9983322620391846
111,Left Elbow,1487.343978881836,361.08224987983704,0.8055371046066284
111,Right Elbow,1311.1180114746094,493.8412320613861,0.3887752294540405
111,Left Wrist,1337.1850204467773,362.5226926803589,0.7278734445571899
111,Right Wrist,1291.8032455444336,411.99737906455994,0.5041431188583374
111,Left Hip,1424.5338821411133,621.6598105430603,0.9963574409484863
111,Right Hip,1359.601707458496,635.454626083374,0.996377170085907
111,Left Knee,1328.8054275512695,469.28913831710815,0.8536103367805481
111,Right Knee,1197.5202941894531,492.0507287979126,0.8372388482093811
111,Left Ankle,1216.421127319336,704.5419359207153,0.8315215706825256
111,Right Ankle,1143.153419494629,698.7603378295898,0.74415123462677
112,Nose,1359.2517471313477,383.1030035018921,0.997096061706543
112,Left Eye,1367.812156677246,372.29248881340027,0.997706949710846
112,Right Eye,1370.4338836669922,371.90666913986206,0.9973565936088562
112,Left Ear,1372.6020812988281,371.6542947292328,0.9976464509963989
112,Right Ear,1360.275650024414,372.41888523101807,0.9979117512702942
112,Left Shoulder,1449.210090637207,398.6643433570862,0.9989442229270935
112,Right Shoulder,1365.1073455810547,415.1952052116394,0.9983974695205688
112,Left Elbow,1443.4037017822266,390.3777015209198,0.7796916365623474
112,Right Elbow,1320.2428436279297,435.52674651145935,0.3563332259654999
112,Left Wrist,1346.1045455932617,366.0213339328766,0.6824590563774109
112,Right Wrist,1305.9000778198242,391.16923213005066,0.4591086506843567
112,Left Hip,1431.4593887329102,616.5514898300171,0.9967162013053894
112,Right Hip,1379.377555847168,619.1758489608765,0.9967329502105713
112,Left Knee,1353.9496994018555,427.3169982433319,0.8677195906639099
112,Right Knee,1211.802635192871,477.94602155685425,0.8469842076301575
112,Left Ankle,1325.5308151245117,684.02104139328,0.8462115526199341
112,Right Ankle,1198.161392211914,680.0691175460815,0.7601131200790405
113,Nose,1369.0449142456055,370.824236869812,0.9946642518043518
113,Left Eye,1378.619270324707,359.5046925544739,0.9962912201881409
113,Right Eye,1383.262825012207,359.15202498435974,0.9959481954574585
113,Left Ear,1387.5152206420898,358.83833527565,0.996207058429718
113,Right Ear,1365.4899215698242,361.00165486335754,0.9967545866966248
113,Left Shoulder,1455.0424575805664,392.52856492996216,0.9989218711853027
113,Right Shoulder,1339.4950103759766,415.1498866081238,0.9982780814170837
113,Left Elbow,1477.7621841430664,378.665771484375,0.7576678991317749
113,Right Elbow,1305.9563827514648,458.2303047180176,0.3297083079814911
113,Left Wrist,1349.5781707763672,363.9098346233368,0.6414588689804077
113,Right Wrist,1292.0832824707031,438.32179069519043,0.42721885442733765
113,Left Hip,1434.8652648925781,601.1861658096313,0.9970320463180542
113,Right Hip,1359.6411895751953,610.0294733047485,0.9970413446426392
113,Left Knee,1406.8747329711914,418.6132514476776,0.8804404139518738
113,Right Knee,1205.1149368286133,474.77165937423706,0.858288586139679
113,Left Ankle,1355.738639831543,700.0069212913513,0.8594385385513306
113,Right Ankle,1248.9491271972656,692.7955985069275,0.7747533321380615
114,Nose,1372.7577209472656,369.9984276294708,0.9949167966842651
114,Left Eye,1382.472267150879,361.7484140396118,0.9965395927429199
114,Right Eye,1386.6446685791016,359.8238217830658,0.9962047338485718
114,Left Ear,1390.645751953125,358.1161344051361,0.9964475631713867
114,Right Ear,1370.7816696166992,368.36615324020386,0.9969757795333862
114,Left Shoulder,1447.1405410766602,367.65953063964844,0.9989848136901855
114,Right Shoulder,1339.8973846435547,423.55445981025696,0.9982563853263855
114,Left Elbow,1461.650047302246,352.4981725215912,0.7501246929168701
114,Right Elbow,1302.7971267700195,492.4234163761139,0.30657094717025757
114,Left Wrist,1336.7217636108398,363.8688290119171,0.6178971529006958
114,Right Wrist,1253.9531707763672,505.73813796043396,0.3983708322048187
114,Left Hip,1435.3625106811523,567.7226257324219,0.9973211884498596
114,Right Hip,1362.9408645629883,604.2218685150146,0.9973229765892029
114,Left Knee,1381.1614608764648,378.9430260658264,0.8919495344161987
114,Right Knee,1203.738670349121,485.21621346473694,0.8672155737876892
114,Left Ankle,1357.5862884521484,697.8736639022827,0.8715593814849854
114,Right Ankle,1327.3181533813477,710.7167887687683,0.7775915265083313
115,Nose,1372.2639083862305,377.8085482120514,0.9942477345466614
115,Left Eye,1382.5740051269531,370.3616201877594,0.9965038299560547
115,Right Eye,1386.797103881836,368.2915771007538,0.9960951209068298
115,Left Ear,1390.9483337402344,366.44606709480286,0.9963970184326172
115,Right Ear,1371.2685012817383,376.5507960319519,0.9969096183776855
115,Left Shoulder,1451.125831604004,368.2672441005707,0.9989974498748779
115,Right Shoulder,1343.3809661865234,425.96925258636475,0.9980505108833313
115,Left Elbow,1478.5195541381836,345.45454144477844,0.730466365814209
115,Right Elbow,1314.030532836914,492.60353207588196,0.2813907861709595
115,Left Wrist,1339.2027282714844,363.76734495162964,0.573052704334259
115,Right Wrist,1271.2009048461914,481.71393513679504,0.3637678027153015
115,Left Hip,1436.8892669677734,574.2285490036011,0.9975851774215698
115,Right Hip,1370.8000946044922,605.0686955451965,0.9975825548171997
115,Left Knee,1365.3676986694336,382.34394907951355,0.9023243188858032
115,Right Knee,1195.2923583984375,489.1869342327118,0.8737450838088989
115,Left Ankle,1393.1220245361328,698.628888130188,0.8830862641334534
115,Right Ankle,1337.479591369629,712.2263360023499,0.786043107509613
116,Nose,1378.0979919433594,379.7115433216095,0.9940565824508667
116,Left Eye,1387.3235321044922,371.2359666824341,0.9966202974319458
116,Right Eye,1390.656623840332,369.05059933662415,0.9962112903594971
116,Left Ear,1393.9907455444336,367.0832312107086,0.9964843392372131
116,Right Ear,1378.6026763916016,377.60921716690063,0.9969977140426636
116,Left Shoulder,1450.4246520996094,370.3135657310486,0.9990406632423401
116,Right Shoulder,1358.7858581542969,431.5336883068085,0.9980658292770386
116,Left Elbow,1470.904769897461,348.5566771030426,0.7093772292137146
116,Right Elbow,1328.052978515625,502.8933334350586,0.25836360454559326
116,Left Wrist,1358.7756729125977,350.38071870803833,0.5393882393836975
116,Right Wrist,1296.0456848144531,496.98846101760864,0.33234703540802
116,Left Hip,1437.65625,576.6722130775452,0.9978237152099609
116,Right Hip,1382.4086380004883,606.0984063148499,0.9978180527687073
116,Left Knee,1360.290756225586,386.4371073246002,0.9116251468658447
116,Right Knee,1194.2790985107422,492.4347138404846,0.8801144957542419
116,Left Ankle,1415.6223678588867,699.0758299827576,0.89341139793396
116,Right Ankle,1356.5785217285156,707.7794480323792,0.7941949963569641
117,Nose,1400.2982711791992,375.14682054519653,0.9929757118225098
117,Left Eye,1406.6442489624023,365.74366092681885,0.9964703321456909
117,Right Eye,1408.8146209716797,364.24750328063965,0.9960054159164429
117,Left Ear,1410.9767532348633,362.9195201396942,0.9963597059249878
117,Right Ear,1398.9522171020508,370.7981336116791,0.9967393279075623
117,Left Shoulder,1452.0184707641602,370.5566382408142,0.999058187007904
117,Right Shoulder,1356.2782287597656,430.3778064250946,0.9977464079856873
117,Left Elbow,1467.9758834838867,354.38900113105774,0.7086706757545471
117,Right Elbow,1340.8823776245117,476.2518525123596,0.24033506214618683
117,Left Wrist,1344.6772384643555,364.2649483680725,0.5420629978179932
117,Right Wrist,1325.9257507324219,436.5175759792328,0.30641797184944153
117,Left Hip,1438.1462860107422,578.7251973152161,0.9980326294898987
117,Right Hip,1386.0332107543945,605.0648975372314,0.9980200529098511
117,Left Knee,1280.5924987792969,412.5066661834717,0.918770968914032
117,Right Knee,1194.0681838989258,492.10567116737366,0.8811125159263611
117,Left Ankle,1414.3415451049805,700.1838827133179,0.899025559425354
117,Right Ankle,1352.4163055419922,703.5956525802612,0.7906079292297363
118,Nose,1404.037857055664,374.6667265892029,0.9904235005378723
118,Left Eye,1410.937156677246,365.2531385421753,0.9956892132759094
118,Right Eye,1413.3378982543945,364.14167404174805,0.994969367980957
118,Left Ear,1415.757064819336,363.20475697517395,0.9956600666046143
118,Right Ear,1404.1468048095703,368.89488101005554,0.9957378506660461
118,Left Shoulder,1452.4094009399414,380.6774604320526,0.9989545941352844
118,Right Shoulder,1357.4244689941406,429.4742023944855,0.9973827004432678
118,Left Elbow,1462.8017807006836,356.0395896434784,0.6914333701133728
118,Right Elbow,1354.965934753418,461.8973135948181,0.2221500724554062
118,Left Wrist,1341.5985488891602,375.9797751903534,0.5198243856430054
118,Right Wrist,1333.7998580932617,418.1217634677887,0.2815537452697754
118,Left Hip,1445.3599548339844,580.3255748748779,0.9982077479362488
118,Right Hip,1395.6137466430664,604.7996807098389,0.9981899857521057
118,Left Knee,1296.9522857666016,411.75227880477905,0.9242498278617859
118,Right Knee,1193.8161849975586,492.65567421913147,0.8794108033180237
118,Left Ankle,1418.8677978515625,700.4341650009155,0.902734100818634
118,Right Ankle,1360.3219985961914,707.8838610649109,0.7835923433303833
119,Nose,1395.0089263916016,386.26880407333374,0.9830195903778076
119,Left Eye,1403.84765625,375.39369106292725,0.9932978749275208
119,Right Eye,1407.3914337158203,373.9547288417816,0.9920340180397034
119,Left Ear,1411.0356903076172,372.714421749115,0.9937742948532104
119,Right Ear,1394.4085693359375,378.77784490585327,0.9924150705337524
119,Left Shoulder,1452.169189453125,379.8470163345337,0.9988986849784851
119,Right Shoulder,1356.6676712036133,426.4567816257477,0.9970106482505798
119,Left Elbow,1463.906135559082,352.9712176322937,0.6614691615104675
119,Right Elbow,1351.9537353515625,456.10815167427063,0.2087063044309616
119,Left Wrist,1344.319953918457,381.2485134601593,0.482601135969162
119,Right Wrist,1339.6743392944336,407.86920189857483,0.2590031623840332
119,Left Hip,1441.1192321777344,580.3528046607971,0.9983661770820618
119,Right Hip,1394.1049575805664,600.8870887756348,0.998338520526886
119,Left Knee,1260.4923248291016,437.1050441265106,0.9295786023139954
119,Right Knee,1192.4314498901367,507.457412481308,0.8790999054908752
119,Left Ankle,1415.4112243652344,708.6099886894226,0.903322160243988
119,Right Ankle,1358.7571334838867,736.2529850006104,0.7758011817932129
120,Nose,1354.0459442138672,390.1894748210907,0.9825242161750793
120,Left Eye,1361.700782775879,375.40865778923035,0.9925816655158997
120,Right Eye,1365.9543228149414,372.81548738479614,0.9911569356918335
120,Left Ear,1370.292091369629,370.59075593948364,0.9928677082061768
120,Right Ear,1350.8840560913086,381.96009278297424,0.9917417168617249
120,Left Shoulder,1420.3706359863281,366.7896580696106,0.9989320635795593
120,Right Shoulder,1312.0654678344727,427.9214930534363,0.9970900416374207
120,Left Elbow,1455.563621520996,354.9424481391907,0.6357593536376953
120,Right Elbow,1321.2697219848633,532.5528466701508,0.1958763152360916
120,Left Wrist,1333.48388671875,399.8813796043396,0.4410289525985718
120,Right Wrist,1315.5308532714844,559.6317100524902,0.23746995627880096
120,Left Hip,1408.963394165039,580.6471180915833,0.9985212087631226
120,Right Hip,1349.256248474121,610.1870584487915,0.998496949672699
120,Left Knee,1249.8710632324219,410.13323307037354,0.9359279870986938
120,Right Knee,1175.284080505371,536.4443242549896,0.8859821557998657
120,Left Ankle,1402.7441024780273,710.930507183075,0.9116294980049133
120,Right Ankle,1342.7248764038086,748.6638450622559,0.7919813394546509
121,Nose,1352.552604675293,377.6868510246277,0.9809203147888184
121,Left Eye,1358.5017013549805,360.4332411289215,0.9916014671325684
121,Right Eye,1362.3947525024414,357.0953392982483,0.9898045659065247
121,Left Ear,1366.3853073120117,354.1434180736542,0.9919528961181641
121,Right Ear,1348.6537170410156,368.4178125858307,0.9901635050773621
121,Left Shoulder,1428.9792251586914,342.7073264122009,0.9990177750587463
121,Right Shoulder,1315.0683975219727,412.22854256629944,0.9967151880264282
121,Left Elbow,1456.655502319336,349.0304625034332,0.6374636292457581
121,Right Elbow,1321.6877746582031,496.93944096565247,0.180548757314682
121,Left Wrist,1312.9677200317383,420.08407831192017,0.42862167954444885
121,Right Wrist,1283.4213638305664,546.1907529830933,0.2165278196334839
121,Left Hip,1416.6937637329102,577.2566556930542,0.9986629486083984
121,Right Hip,1353.5908126831055,610.1791405677795,0.9986360669136047
121,Left Knee,1223.6952209472656,490.3173565864563,0.9416339993476868
121,Right Knee,1165.0463104248047,559.3919205665588,0.8812744617462158
121,Left Ankle,1418.2818603515625,715.8455157279968,0.9182852506637573
121,Right Ankle,1338.1693267822266,758.7973165512085,0.7850248217582703
122,Nose,1335.032615661621,367.48501539230347,0.9810429811477661
122,Left Eye,1340.6449127197266,346.83743476867676,0.991116464138031
122,Right Eye,1344.938735961914,342.3611605167389,0.989284098148346
122,Left Ear,1349.3361282348633,338.1873428821564,0.9915753602981567
122,Right Ear,1331.1754989624023,357.7782726287842,0.9892439842224121
122,Left Shoulder,1431.8646240234375,336.7511808872223,0.9991083741188049
122,Right Shoulder,1323.4437561035156,413.07652831077576,0.9963849186897278
122,Left Elbow,1443.1670379638672,350.7358646392822,0.6463137269020081
122,Right Elbow,1325.4993438720703,509.2135727405548,0.16350464522838593
122,Left Wrist,1294.6760559082031,433.1475520133972,0.43133744597435
122,Right Wrist,1254.839744567871,550.2651786804199,0.19668152928352356
122,Left Hip,1420.071029663086,576.7945218086243,0.9987917542457581
122,Right Hip,1356.2128829956055,615.8836841583252,0.9987587332725525
122,Left Knee,1203.2906341552734,524.6752953529358,0.9471492767333984
122,Right Knee,1160.9278106689453,567.8041863441467,0.8742208480834961
122,Left Ankle,1416.5346908569336,732.0028209686279,0.9253272414207458
122,Right Ankle,1329.1024017333984,759.2826247215271,0.7781809568405151
123,Nose,1315.7067489624023,368.7820029258728,0.9815453290939331
123,Left Eye,1318.9112091064453,347.8509557247162,0.9910533428192139
123,Right Eye,1323.0366897583008,343.95777225494385,0.9893008470535278
123,Left Ear,1327.2601318359375,340.13440132141113,0.9915792942047119
123,Right Ear,1309.75341796875,358.8060200214386,0.9887849688529968
123,Left Shoulder,1421.9805908203125,337.8475821018219,0.9991936087608337
123,Right Shoulder,1327.031478881836,416.9920492172241,0.9961948990821838
123,Left Elbow,1432.430534362793,352.1046280860901,0.656757652759552
123,Right Elbow,1325.9493255615234,514.4087648391724,0.14832228422164917
123,Left Wrist,1286.2419891357422,436.2029206752777,0.43670016527175903
123,Right Wrist,1232.3701858520508,521.3425755500793,0.17970196902751923
123,Left Hip,1410.9828186035156,579.8793411254883,0.9989108443260193
123,Right Hip,1360.1417541503906,639.6108055114746,0.9988759756088257
123,Left Knee,1184.1735076904297,546.8751668930054,0.9521214365959167
123,Right Knee,1153.992919921875,581.8048024177551,0.8626798391342163
123,Left Ankle,1405.524787902832,740.8304858207703,0.9319417476654053
123,Right Ankle,1323.4814071655273,759.7675466537476,0.7759124636650085
124,Nose,1320.2289962768555,363.3634042739868,0.982886791229248
124,Left Eye,1322.8135299682617,342.1053421497345,0.9915319681167603
124,Right Eye,1325.6537246704102,337.2501039505005,0.9898986220359802
124,Left Ear,1328.4128952026367,332.5370657444,0.9920083284378052
124,Right Ear,1319.3494033813477,355.20724654197693,0.9892905354499817
124,Left Shoulder,1425.1563262939453,330.06826400756836,0.9992724657058716
124,Right Shoulder,1363.623390197754,425.8309471607208,0.9962915182113647
124,Left Elbow,1430.8649826049805,350.1051700115204,0.6701272130012512
124,Right Elbow,1336.8697357177734,533.4318923950195,0.13455228507518768
124,Left Wrist,1286.693115234375,437.0223891735077,0.4536972939968109
124,Right Wrist,1244.0690231323242,574.4051241874695,0.16490718722343445
124,Left Hip,1414.7299575805664,571.150553226471,0.9990188479423523
124,Right Hip,1375.4870223999023,634.3027997016907,0.9989849328994751
124,Left Knee,1171.8245315551758,554.6057868003845,0.956603467464447
124,Right Knee,1157.3751068115234,585.0712180137634,0.853604257106781
124,Left Ankle,1394.5700454711914,748.1512427330017,0.9378910064697266
124,Right Ankle,1329.5701217651367,768.5033512115479,0.7744355201721191
125,Nose,1306.6743850708008,364.0594696998596,0.9819911122322083
125,Left Eye,1310.3335189819336,343.45933198928833,0.9900423288345337
125,Right Eye,1314.1061782836914,339.16571617126465,0.988531768321991
125,Left Ear,1317.9835510253906,334.91204380989075,0.990639328956604
125,Right Ear,1302.9460144042969,355.7003438472748,0.986880898475647
125,Left Shoulder,1414.8664855957031,333.8929867744446,0.9993406534194946
125,Right Shoulder,1337.721061706543,425.7776463031769,0.9962835311889648
125,Left Elbow,1419.5156478881836,351.41377687454224,0.6716457009315491
125,Right Elbow,1332.4817276000977,528.8209176063538,0.12235230952501297
125,Left Wrist,1280.2236557006836,437.81952023506165,0.45099565386772156
125,Right Wrist,1239.4934463500977,580.4006338119507,0.1506652534008026
125,Left Hip,1399.7638320922852,570.4104566574097,0.9991142749786377
125,Right Hip,1365.4267501831055,634.7836661338806,0.999077558517456
125,Left Knee,1174.0363311767578,552.6219391822815,0.9607149958610535
125,Right Knee,1154.8321151733398,590.5199432373047,0.8547682762145996
125,Left Ankle,1405.4609298706055,748.0706477165222,0.9431568384170532
125,Right Ankle,1326.2791442871094,766.0358047485352,0.777302622795105
126,Nose,1298.0132675170898,365.9656512737274,0.9820968508720398
126,Left Eye,1301.2871932983398,356.7896640300751,0.9895806908607483
126,Right Eye,1304.817237854004,355.57597517967224,0.9881783723831177
126,Left Ear,1307.9344940185547,353.97521138191223,0.9901251792907715
126,Right Ear,1294.1000747680664,366.9334673881531,0.985958456993103
126,Left Shoulder,1404.4714736938477,336.3821303844452,0.9994027018547058
126,Right Shoulder,1332.6576232910156,427.15168833732605,0.9963268041610718
126,Left Elbow,1413.3698272705078,351.70326232910156,0.6826016902923584
126,Right Elbow,1327.6897430419922,536.9524526596069,0.11196430027484894
126,Left Wrist,1277.5951766967773,438.4189295768738,0.45945510268211365
126,Right Wrist,1236.9486236572266,594.3067502975464,0.13909724354743958
126,Left Hip,1398.629035949707,571.1292457580566,0.9992005228996277
126,Right Hip,1357.8779983520508,632.6033520698547,0.9991617798805237
126,Left Knee,1174.8588180541992,551.0116481781006,0.9643636345863342
126,Right Knee,1155.267105102539,586.567633152008,0.8559699654579163
126,Left Ankle,1401.504249572754,748.7280893325806,0.947928249835968
126,Right Ankle,1338.7602996826172,763.599865436554,0.7844262719154358
127,Nose,1307.2966003417969,367.6627492904663,0.9831326007843018
127,Left Eye,1312.2481155395508,356.6374862194061,0.9898829460144043
127,Right Eye,1316.7653274536133,355.1601254940033,0.9885717630386353
127,Left Ear,1320.8951568603516,353.59312534332275,0.9903796315193176
127,Right Ear,1301.6170120239258,366.68054580688477,0.9865568280220032
127,Left Shoulder,1394.2720413208008,340.62057852745056,0.9994542598724365
127,Right Shoulder,1330.5271911621094,438.4469962120056,0.9965029358863831
127,Left Elbow,1382.6653289794922,359.3578255176544,0.6903602480888367
127,Right Elbow,1315.1575469970703,546.464273929596,0.10290513187646866
127,Left Wrist,1269.6779251098633,437.18908309936523,0.4596864581108093
127,Right Wrist,1241.1491775512695,604.7665929794312,0.1296766698360443
127,Left Hip,1392.5556564331055,572.7374768257141,0.9992766380310059
127,Right Hip,1350.7633209228516,631.680371761322,0.9992370009422302
127,Left Knee,1183.3277893066406,541.2565612792969,0.9675006866455078
127,Right Knee,1156.4878463745117,580.8617377281189,0.8553274273872375
127,Left Ankle,1401.8497467041016,748.0593824386597,0.9520319104194641
127,Right Ankle,1341.3915252685547,763.0846881866455,0.7905080914497375
128,Nose,1313.166389465332,365.56782603263855,0.9834052324295044
128,Left Eye,1319.893798828125,352.4729061126709,0.9892897605895996
128,Right Eye,1324.006690979004,350.2821636199951,0.9880769848823547
128,Left Ear,1327.9373931884766,348.1290793418884,0.9896606206893921
128,Right Ear,1310.211181640625,362.03548550605774,0.9865318536758423
128,Left Shoulder,1386.705093383789,347.8541100025177,0.999487042427063
128,Right Shoulder,1310.719871520996,441.0353708267212,0.9967132806777954
128,Left Elbow,1384.8760986328125,363.2765007019043,0.680216372013092
128,Right Elbow,1297.2734069824219,558.8239574432373,0.09581796824932098
128,Left Wrist,1266.1576080322266,438.7675094604492,0.4409940540790558
128,Right Wrist,1237.7247619628906,646.1019229888916,0.12217175960540771
128,Left Hip,1392.315788269043,576.1900591850281,0.9993430972099304
128,Right Hip,1336.9396591186523,631.4276432991028,0.999302327632904
128,Left Knee,1191.6072463989258,534.7691774368286,0.9699628949165344
128,Right Knee,1156.9389724731445,577.3989844322205,0.8547170162200928
128,Left Ankle,1402.7660751342773,747.3494124412537,0.9549643993377686
128,Right Ankle,1342.7614974975586,759.5742344856262,0.7935571670532227
129,Nose,1289.574966430664,368.6436653137207,0.9840325713157654
129,Left Eye,1293.9577102661133,352.7587866783142,0.9895405173301697
129,Right Eye,1298.0521774291992,350.3035354614258,0.9883791208267212
129,Left Ear,1302.2221755981445,348.08820247650146,0.9899370074272156
129,Right Ear,1284.7612380981445,362.5094962120056,0.9868298172950745
129,Left Shoulder,1381.717872619629,348.49706768989563,0.999533474445343
129,Right Shoulder,1293.9470672607422,439.98209953308105,0.9967852234840393
129,Left Elbow,1390.400161743164,363.1080687046051,0.6957379579544067
129,Right Elbow,1291.435546875,550.8807134628296,0.08840393275022507
129,Left Wrist,1257.5843811035156,451.46254420280457,0.45965734124183655
129,Right Wrist,1235.9281539916992,607.239031791687,0.1152346134185791
129,Left Hip,1381.5850067138672,580.5960059165955,0.9994055032730103
129,Right Hip,1334.81689453125,636.7378377914429,0.999362587928772
129,Left Knee,1176.7147064208984,546.3256788253784,0.9725627899169922
129,Right Knee,1155.1674270629883,575.1287412643433,0.8528801202774048
129,Left Ankle,1403.7424850463867,747.1343421936035,0.9576747417449951
129,Right Ankle,1342.0563125610352,759.1993260383606,0.7921882271766663
130,Nose,1298.682632446289,373.93425822257996,0.9848454594612122
130,Left Eye,1303.9924621582031,357.1652162075043,0.9897539019584656
130,Right Eye,1307.3927307128906,354.1341483592987,0.9886532425880432
130,Left Ear,1310.7917404174805,351.3386857509613,0.990124523639679
130,Right Ear,1293.0643844604492,371.7652416229248,0.9872618317604065
130,Left Shoulder,1369.8186492919922,355.54694294929504,0.9995696544647217
130,Right Shoulder,1302.7308654785156,434.8801839351654,0.9969774484634399
130,Left Elbow,1352.329444885254,378.3661150932312,0.7024416923522949
130,Right Elbow,1292.8990173339844,538.9451837539673,0.08366043120622635
130,Left Wrist,1247.4798202514648,453.3270764350891,0.4624830484390259
130,Right Wrist,1235.038833618164,592.7662396430969,0.10909531265497208
130,Left Hip,1381.0609817504883,582.0259881019592,0.9994600415229797
130,Right Hip,1346.5303802490234,636.0890221595764,0.9994175434112549
130,Left Knee,1167.6896667480469,551.4119839668274,0.974670946598053
130,Right Knee,1155.769386291504,574.163339138031,0.8464921712875366
130,Left Ankle,1400.0816345214844,746.911289691925,0.9603193998336792
130,Right Ankle,1342.4575424194336,758.9259338378906,0.78783118724823
131,Nose,1317.5554275512695,368.9703583717346,0.9857662916183472
131,Left Eye,1322.1417617797852,353.0111610889435,0.9902201294898987
131,Right Eye,1324.6571731567383,350.3675866127014,0.9891514778137207
131,Left Ear,1327.1723556518555,347.9396939277649,0.9905768036842346
131,Right Ear,1315.5892181396484,362.61149525642395,0.9879451394081116
131,Left Shoulder,1378.7638092041016,355.3126573562622,0.9996013641357422
131,Right Shoulder,1317.176742553711,426.965457201004,0.9970645904541016
131,Left Elbow,1347.4013900756836,381.94206833839417,0.7147977948188782
131,Right Elbow,1295.2130126953125,513.0704820156097,0.07810723781585693
131,Left Wrist,1237.2027969360352,461.58384919166565,0.4871561825275421
131,Right Wrist,1237.2505187988281,557.0594930648804,0.10411698371171951
131,Left Hip,1382.6351165771484,582.0361590385437,0.9995076060295105
131,Right Hip,1347.3314666748047,635.6008172035217,0.9994635581970215
131,Left Knee,1167.4229049682617,551.184811592102,0.9766033887863159
131,Right Knee,1155.9626770019531,573.6616158485413,0.8341516256332397
131,Left Ankle,1398.9137649536133,746.5181636810303,0.9628002643585205
131,Right Ankle,1341.0813903808594,758.8354897499084,0.7774580717086792
132,Nose,1327.3738861083984,363.871146440506,0.9865474700927734
132,Left Eye,1331.2300872802734,347.5576722621918,0.9906001687049866
132,Right Eye,1333.454818725586,344.6652638912201,0.9895786643028259
132,Left Ear,1335.6866455078125,341.9695472717285,0.9909616708755493
132,Right Ear,1326.1042785644531,355.9455406665802,0.9884898066520691
132,Left Shoulder,1383.4446716308594,349.42004799842834,0.9996326565742493
132,Right Shoulder,1331.5894317626953,423.8297188282013,0.9971523284912109
132,Left Elbow,1361.9697189331055,379.4359302520752,0.725155770778656
132,Right Elbow,1298.9445877075195,512.1082019805908,0.07263778150081635
132,Left Wrist,1244.27490234375,456.314080953598,0.5014448761940002
132,Right Wrist,1238.4333801269531,559.3041801452637,0.09854982048273087
132,Left Hip,1393.7337112426758,579.5431208610535,0.9995518326759338
132,Right Hip,1377.9762268066406,632.9952549934387,0.9995074272155762
132,Left Knee,1170.798225402832,552.1392703056335,0.9785019755363464
132,Right Knee,1156.3933181762695,573.850679397583,0.827767014503479
132,Left Ankle,1398.8004684448242,746.9308590888977,0.9654289484024048
132,Right Ankle,1340.9904098510742,761.0034441947937,0.7702538967132568
133,Nose,1339.1323471069336,361.8146538734436,0.9866802096366882
133,Left Eye,1344.1831970214844,345.6248080730438,0.9905855655670166
133,Right Eye,1346.0422897338867,342.8631091117859,0.9895568490028381
133,Left Ear,1347.9035568237305,340.27528166770935,0.9909396767616272
133,Right Ear,1340.841178894043,352.91260600090027,0.9884814620018005
133,Left Shoulder,1385.6088638305664,349.3289279937744,0.9996590614318848
133,Right Shoulder,1355.489158630371,418.70871663093567,0.9971936941146851
133,Left Elbow,1347.7928924560547,380.14023542404175,0.7307102084159851
133,Right Elbow,1307.2290802001953,499.33427810668945,0.06715837866067886
133,Left Wrist,1239.0751647949219,456.160808801651,0.5019035935401917
133,Right Wrist,1240.1523971557617,517.7999997138977,0.09235381335020065
133,Left Hip,1397.980613708496,577.319483757019,0.9995909929275513
133,Right Hip,1374.3436431884766,631.0751366615295,0.9995468258857727
133,Left Knee,1173.0957412719727,549.2949485778809,0.9798362851142883
133,Right Knee,1157.633056640625,580.4852199554443,0.8096084594726562
133,Left Ankle,1394.7563552856445,743.6433291435242,0.967219352722168
133,Right Ankle,1340.101089477539,763.0490255355835,0.7508447170257568
134,Nose,1337.1628189086914,361.46549463272095,0.9869486093521118
134,Left Eye,1340.7554626464844,343.88898968696594,0.9906822443008423
134,Right Eye,1343.045425415039,340.6485164165497,0.9896553754806519
134,Left Ear,1345.3334426879883,337.5482153892517,0.9909831881523132
134,Right Ear,1337.841796875,352.0265758037567,0.9884523153305054
134,Left Shoulder,1386.419448852539,345.5128312110901,0.9996830224990845
134,Right Shoulder,1352.8023147583008,419.14474725723267,0.9968961477279663
134,Left Elbow,1348.732566833496,372.0752942562103,0.7336052656173706
134,Right Elbow,1307.2510528564453,502.42682218551636,0.06234448775649071
134,Left Wrist,1244.6400833129883,455.37635922431946,0.5102714896202087
134,Right Wrist,1236.5393829345703,530.2657377719879,0.08919259905815125
134,Left Hip,1403.8188171386719,575.7987999916077,0.999623715877533
134,Right Hip,1372.0155715942383,630.941755771637,0.9995706677436829
134,Left Knee,1174.0956115722656,550.4528260231018,0.9811103343963623
134,Right Knee,1157.6824951171875,587.9902768135071,0.7946475148200989
134,Left Ankle,1388.1098556518555,743.7408542633057,0.9689471125602722
134,Right Ankle,1341.0474014282227,762.8876423835754,0.7350830435752869
135,Nose,1329.7797775268555,361.2818384170532,0.9873763918876648
135,Left Eye,1334.1406631469727,343.9315724372864,0.9909666776657104
135,Right Eye,1337.0528411865234,340.827054977417,0.9899473190307617
135,Left Ear,1339.984359741211,337.8359627723694,0.9911996722221375
135,Right Ear,1329.6271133422852,351.64883494377136,0.9887728691101074
135,Left Shoulder,1387.6480865478516,345.6914985179901,0.9997023940086365
135,Right Shoulder,1345.4594421386719,419.2702102661133,0.9967294335365295
135,Left Elbow,1389.330711364746,360.8860731124878,0.7374070882797241
135,Right Elbow,1300.3261184692383,503.544659614563,0.0593382753431797
135,Left Wrist,1245.8698654174805,454.04712080955505,0.5157811045646667
135,Right Wrist,1236.7151641845703,528.9426791667938,0.08901605010032654
135,Left Hip,1406.0516738891602,575.9384894371033,0.9996536374092102
135,Right Hip,1368.2908630371094,630.0321006774902,0.999596357345581
135,Left Knee,1175.409164428711,548.9297604560852,0.9820965528488159
135,Right Knee,1157.9685974121094,585.6335163116455,0.7802303433418274
135,Left Ankle,1384.6234130859375,743.6038684844971,0.9701528549194336
135,Right Ankle,1340.7881927490234,758.8751435279846,0.7212690711021423
136,Nose,1329.4137954711914,361.4238452911377,0.9870206713676453
136,Left Eye,1336.4417266845703,344.1830778121948,0.9908359050750732
136,Right Eye,1339.848747253418,341.06375455856323,0.9898086190223694
136,Left Ear,1343.3141326904297,338.05325388908386,0.9911262392997742
136,Right Ear,1329.8824310302734,352.0448577404022,0.9885661005973816
136,Left Shoulder,1400.9020614624023,344.2465817928314,0.9997121691703796
136,Right Shoulder,1345.396842956543,419.57356810569763,0.9961347579956055
136,Left Elbow,1384.6453857421875,361.19638323783875,0.7413815259933472
136,Right Elbow,1303.3605194091797,500.7854390144348,0.05617336183786392
136,Left Wrist,1247.925682067871,447.00812458992004,0.5089503526687622
136,Right Wrist,1255.9582901000977,490.6614947319031,0.08375878632068634
136,Left Hip,1417.8687286376953,575.9874129295349,0.999671220779419
136,Right Hip,1369.9065399169922,630.0063514709473,0.99959796667099
136,Left Knee,1178.8627624511719,539.1397190093994,0.983176589012146
136,Right Knee,1156.681022644043,585.1696443557739,0.7706676125526428
136,Left Ankle,1383.3239364624023,743.5792136192322,0.9713822603225708
136,Right Ankle,1331.7237854003906,759.0487575531006,0.7031561732292175
137,Nose,1329.019660949707,361.9133698940277,0.9866564869880676
137,Left Eye,1335.6598663330078,345.0643765926361,0.9906629323959351
137,Right Eye,1339.5897674560547,342.26189732551575,0.9895557165145874
137,Left Ear,1343.096809387207,339.60145711898804,0.9908479452133179
137,Right Ear,1327.309341430664,352.0910453796387,0.9884048104286194
137,Left Shoulder,1400.599250793457,344.4207751750946,0.9997206330299377
137,Right Shoulder,1337.926139831543,418.04123282432556,0.9958946108818054
137,Left Elbow,1397.303695678711,361.75378918647766,0.7360776662826538
137,Right Elbow,1299.1128158569336,497.4003195762634,0.05508258193731308
137,Left Wrist,1251.4131546020508,447.8037428855896,0.5046787858009338
137,Right Wrist,1255.6414031982422,473.6416554450989,0.0840328186750412
137,Left Hip,1419.3280792236328,576.1436462402344,0.9996955394744873
137,Right Hip,1366.2714385986328,629.0025186538696,0.9996176958084106
137,Left Knee,1185.6731414794922,529.1500246524811,0.9840776920318604
137,Right Knee,1156.0267639160156,575.8071684837341,0.7646130323410034
137,Left Ankle,1382.120704650879,743.5677552223206,0.972122311592102
137,Right Ankle,1338.3152389526367,746.8897247314453,0.6951342225074768
138,Nose,1318.1217956542969,371.3448214530945,0.9858466386795044
138,Left Eye,1318.7079620361328,362.58249521255493,0.9902747869491577
138,Right Eye,1327.987403869629,358.80959272384644,0.9890464544296265
138,Left Ear,1341.5923690795898,346.4162743091583,0.9905024170875549
138,Right Ear,1324.5917129516602,361.24578952789307,0.9879574179649353
138,Left Shoulder,1399.775161743164,344.5229995250702,0.9997329711914062
138,Right Shoulder,1336.1881256103516,419.41179871559143,0.9952859282493591
138,Left Elbow,1396.182861328125,361.9703722000122,0.7206894755363464
138,Right Elbow,1299.8557662963867,511.7633557319641,0.05110860615968704
138,Left Wrist,1250.6147003173828,455.2028739452362,0.49626076221466064
138,Right Wrist,1246.9417190551758,506.77077770233154,0.07971719652414322
138,Left Hip,1419.9579620361328,578.6095190048218,0.9997162222862244
138,Right Hip,1365.3484725952148,628.9540457725525,0.9996235966682434
138,Left Knee,1187.013931274414,528.2992708683014,0.9840646386146545
138,Right Knee,1154.7077178955078,571.3849353790283,0.7463924884796143
138,Left Ankle,1380.0745010375977,743.3970379829407,0.9720439910888672
138,Right Ankle,1341.5693664550781,746.1357879638672,0.6794865727424622
139,Nose,1305.329475402832,378.4749698638916,0.9857254028320312
139,Left Eye,1310.0810623168945,368.9698112010956,0.9903632402420044
139,Right Eye,1324.3620300292969,361.69804215431213,0.9891065955162048
139,Left Ear,1332.7325820922852,354.92526054382324,0.9906002879142761
139,Right Ear,1314.213981628418,369.6799099445343,0.9879557490348816
139,Left Shoulder,1398.7211608886719,344.5775878429413,0.9997485280036926
139,Right Shoulder,1328.0833053588867,420.82237243652344,0.9945135116577148
139,Left Elbow,1396.758041381836,362.34450817108154,0.7107270956039429
139,Right Elbow,1299.7404098510742,513.0310535430908,0.04837406426668167
139,Left Wrist,1251.690788269043,462.1458899974823,0.49641069769859314
139,Right Wrist,1241.183967590332,500.7810938358307,0.07765286415815353
139,Left Hip,1418.7871170043945,584.9818682670593,0.9997363090515137
139,Right Hip,1363.4815979003906,628.9057660102844,0.9996324777603149
139,Left Knee,1187.3174285888672,528.7801051139832,0.9841659665107727
139,Right Knee,1154.6468353271484,569.7241115570068,0.7308252453804016
139,Left Ankle,1376.4519882202148,743.45059633255,0.9718209505081177
139,Right Ankle,1342.4664688110352,746.1414527893066,0.6645388007164001
140,Nose,1305.252342224121,378.50001096725464,0.9856266379356384
140,Left Eye,1321.3005065917969,366.3731646537781,0.9903787970542908
140,Right Eye,1329.3554306030273,360.15270352363586,0.989082932472229
140,Left Ear,1335.4182815551758,354.21574115753174,0.99057537317276
140,Right Ear,1318.5175323486328,371.4683210849762,0.9878787994384766
140,Left Shoulder,1406.671028137207,337.62266278266907,0.9997642636299133
140,Right Shoulder,1339.7450637817383,421.8836259841919,0.99394291639328
140,Left Elbow,1408.421630859375,358.19878935813904,0.7041239738464355
140,Right Elbow,1305.010986328125,525.0032436847687,0.045136719942092896
140,Left Wrist,1252.767105102539,462.61603832244873,0.49510860443115234
140,Right Wrist,1231.977195739746,520.890998840332,0.07396028935909271
140,Left Hip,1427.2412109375,580.0706577301025,0.9997543692588806
140,Right Hip,1368.918571472168,628.1100511550903,0.9996426105499268
140,Left Knee,1182.6434326171875,530.4334616661072,0.9845394492149353
140,Right Knee,1149.7859573364258,570.2623343467712,0.721332311630249
140,Left Ankle,1376.5409088134766,742.2156643867493,0.9726867079734802
140,Right Ankle,1338.8437271118164,753.3267688751221,0.6576734781265259
141,Nose,1304.8235321044922,380.0411009788513,0.985238790512085
141,Left Eye,1316.0573959350586,367.111040353775,0.990014910697937
141,Right Eye,1329.9446868896484,359.22547459602356,0.9886777400970459
141,Left Ear,1335.4841995239258,353.7103807926178,0.9901881814002991
141,Right Ear,1302.1006393432617,375.4860985279083,0.9873507022857666
141,Left Shoulder,1411.450309753418,334.3320429325104,0.99977707862854
141,Right Shoulder,1340.1173400878906,421.77106976509094,0.9935219883918762
141,Left Elbow,1413.2838821411133,356.6901755332947,0.7026755213737488
141,Right Elbow,1311.697769165039,531.0277211666107,0.04184260591864586
141,Left Wrist,1256.004409790039,466.20608925819397,0.4916762113571167
141,Right Wrist,1227.5732803344727,556.5884757041931,0.0698823481798172
141,Left Hip,1433.645896911621,577.1211504936218,0.9997711777687073
141,Right Hip,1371.4508056640625,624.6077728271484,0.9996547698974609
141,Left Knee,1182.4061965942383,536.0238718986511,0.9852511882781982
141,Right Knee,1147.2158432006836,570.0991487503052,0.7173040509223938
141,Left Ankle,1376.7466735839844,742.3207211494446,0.9739047884941101
141,Right Ankle,1337.9764938354492,753.3216190338135,0.6606858372688293
142,Nose,1322.021255493164,379.75380420684814,0.9847791790962219
142,Left Eye,1329.411964416504,364.33669209480286,0.9896348118782043
142,Right Eye,1336.3700866699219,357.7822959423065,0.9882375001907349
142,Left Ear,1341.071891784668,352.5658929347992,0.9897481799125671
142,Right Ear,1317.2106170654297,374.45555090904236,0.9869139194488525
142,Left Shoulder,1422.1870422363281,330.5814778804779,0.9997811317443848
142,Right Shoulder,1339.7394561767578,416.43908500671387,0.9930944442749023
142,Left Elbow,1411.5431213378906,359.183406829834,0.6940820217132568
142,Right Elbow,1313.0363845825195,530.4873096942902,0.03908007964491844
142,Left Wrist,1250.310173034668,470.15814185142517,0.4792438745498657
142,Right Wrist,1228.6103439331055,549.0319204330444,0.06597026437520981
142,Left Hip,1441.0996627807617,575.891432762146,0.9997842311859131
142,Right Hip,1372.799949645996,620.838668346405,0.9996595978736877
142,Left Knee,1182.0403289794922,536.0202026367188,0.9855613112449646
142,Right Knee,1146.9364929199219,570.0781631469727,0.704184353351593
142,Left Ankle,1379.4408416748047,742.609498500824,0.9742113947868347
142,Right Ankle,1346.3436126708984,745.4219555854797,0.6489420533180237
143,Nose,1309.8307800292969,376.6785442829132,0.983629047870636
143,Left Eye,1329.1864013671875,359.5995783805847,0.9892166256904602
143,Right Eye,1334.512939453125,355.02153038978577,0.9876622557640076
143,Left Ear,1339.0379333496094,350.8580768108368,0.9892444014549255
143,Right Ear,1296.8869400024414,373.1785833835602,0.9862244725227356
143,Left Shoulder,1418.8911437988281,330.5208384990692,0.9997919797897339
143,Right Shoulder,1326.412239074707,410.4524266719818,0.9929870367050171
143,Left Elbow,1410.904655456543,359.931743144989,0.6846442818641663
143,Right Elbow,1305.2227020263672,505.72799921035767,0.039965882897377014
143,Left Wrist,1243.3137130737305,469.3706023693085,0.47178301215171814
143,Right Wrist,1251.8385314941406,466.6990900039673,0.06760454922914505
143,Left Hip,1440.201416015625,575.0252938270569,0.999800980091095
143,Right Hip,1368.2651138305664,618.5451865196228,0.9996776580810547
143,Left Knee,1174.7110748291016,538.3246600627899,0.9856550693511963
143,Right Knee,1145.9193420410156,570.1009511947632,0.6840697526931763
143,Left Ankle,1377.7307510375977,741.4708685874939,0.9739528298377991
143,Right Ankle,1346.2664794921875,739.8621869087219,0.6339107751846313
144,Nose,1312.4132537841797,374.7421717643738,0.982785701751709
144,Left Eye,1328.4642791748047,358.57234597206116,0.9891676306724548
144,Right Eye,1332.638282775879,354.6085774898529,0.9875290989875793
144,Left Ear,1337.0670318603516,350.74143290519714,0.9891183376312256
144,Right Ear,1297.7974319458008,371.03370666503906,0.9858987331390381
144,Left Shoulder,1417.0947647094727,330.8014404773712,0.9998053908348083
144,Right Shoulder,1318.545799255371,414.70571279525757,0.9928426146507263
144,Left Elbow,1424.9916458129883,363.1779456138611,0.669902503490448
144,Right Elbow,1303.1427383422852,506.43272280693054,0.03925330564379692
144,Left Wrist,1263.2744979858398,463.49997639656067,0.46238332986831665
144,Right Wrist,1250.6531524658203,468.57144355773926,0.06937268376350403
144,Left Hip,1437.5379180908203,572.3758935928345,0.9998172521591187
144,Right Hip,1365.7748794555664,617.8673386573792,0.9996976256370544
144,Left Knee,1171.8831253051758,538.7443721294403,0.9863861799240112
144,Right Knee,1144.3404006958008,576.7887282371521,0.6816561818122864
144,Left Ankle,1403.1933975219727,741.1905241012573,0.9741514325141907
144,Right Ankle,1347.2361373901367,740.7633447647095,0.6278416514396667
145,Nose,1293.9681243896484,376.93777441978455,0.9795064926147461
145,Left Eye,1319.9217224121094,358.9123320579529,0.9877296090126038
145,Right Eye,1323.288917541504,354.83677983283997,0.9857240319252014
145,Left Ear,1327.4811172485352,350.8558237552643,0.9876843690872192
145,Right Ear,1280.2893447875977,374.33459401130676,0.9836311936378479
145,Left Shoulder,1416.81884765625,330.0985836982727,0.999817967414856
145,Right Shoulder,1318.0173110961914,413.65228056907654,0.9922260046005249
145,Left Elbow,1430.7775497436523,363.1909167766571,0.660692572593689
145,Right Elbow,1306.4674758911133,506.923953294754,0.036835722625255585
145,Left Wrist,1276.131477355957,461.74182057380676,0.4496288299560547
145,Right Wrist,1248.8993453979492,481.3543474674225,0.0664605051279068
145,Left Hip,1436.0622024536133,567.5136065483093,0.9998320937156677
145,Right Hip,1364.823989868164,615.9640860557556,0.9997138381004333
145,Left Knee,1172.0710372924805,538.6066782474518,0.9872645139694214
145,Right Knee,1142.431983947754,576.9265508651733,0.6780274510383606
145,Left Ankle,1401.0010528564453,741.2192988395691,0.9751743078231812
145,Right Ankle,1331.9432830810547,742.6728415489197,0.6241533160209656
146,Nose,1323.8311386108398,373.37263584136963,0.9798288941383362
146,Left Eye,1336.2066650390625,357.69610047340393,0.9881224036216736
146,Right Eye,1339.435043334961,354.4259190559387,0.9860891103744507
146,Left Ear,1343.6273574829102,350.78041076660156,0.9880306720733643
146,Right Ear,1319.4134902954102,369.03640508651733,0.9842706918716431
146,Left Shoulder,1416.6304779052734,330.39048314094543,0.9998281598091125
146,Right Shoulder,1319.4573211669922,417.95580983161926,0.9926192164421082
146,Left Elbow,1431.3602828979492,363.00687432289124,0.6528461575508118
146,Right Elbow,1304.6938705444336,501.89735412597656,0.036498989909887314
146,Left Wrist,1315.6251525878906,422.249618768692,0.4270089268684387
146,Right Wrist,1256.8583679199219,462.6003634929657,0.06491677463054657
146,Left Hip,1434.3925094604492,560.1919484138489,0.9998459219932556
146,Right Hip,1379.6508407592773,613.1607055664062,0.9997324347496033
146,Left Knee,1172.3307037353516,538.7606263160706,0.9880915284156799
146,Right Knee,1142.6940536499023,577.218804359436,0.6767138838768005
146,Left Ankle,1394.5802307128906,744.4644713401794,0.9752127528190613
146,Right Ankle,1330.6408309936523,740.6557130813599,0.6159243583679199
147,Nose,1332.114028930664,372.66929626464844,0.9799286127090454
147,Left Eye,1340.1896667480469,357.6614999771118,0.9885132908821106
147,Right Eye,1343.7463760375977,354.33544278144836,0.9865139722824097
147,Left Ear,1348.0096435546875,350.8809292316437,0.988447368144989
147,Right Ear,1327.7695083618164,368.10296416282654,0.9848568439483643
147,Left Shoulder,1412.9265975952148,334.62719321250916,0.9998303651809692
147,Right Shoulder,1314.8937606811523,422.55860924720764,0.9928871989250183
147,Left Elbow,1431.514778137207,363.0817401409149,0.6373379230499268
147,Right Elbow,1296.595344543457,499.4889986515045,0.03645443916320801
147,Left Wrist,1317.0707702636719,428.1443202495575,0.40317705273628235
147,Right Wrist,1256.6980361938477,469.68783259391785,0.06337811797857285
147,Left Hip,1428.332405090332,561.4584875106812,0.999858021736145
147,Right Hip,1378.1600189208984,612.8578305244446,0.9997495412826538
147,Left Knee,1171.1970520019531,539.9752807617188,0.9884707927703857
147,Right Knee,1147.510757446289,578.1822109222412,0.6786141991615295
147,Left Ankle,1394.4851303100586,748.2649898529053,0.9742806553840637
147,Right Ankle,1338.1636047363281,740.9532451629639,0.6078495979309082
148,Nose,1329.631004333496,372.6932752132416,0.9771599173545837
148,Left Eye,1338.2872009277344,357.32762932777405,0.9871881604194641
148,Right Eye,1340.716438293457,353.9091646671295,0.9847795963287354
148,Left Ear,1344.6537780761719,350.32127022743225,0.9872465133666992
148,Right Ear,1299.2893981933594,372.99100041389465,0.9831199049949646
148,Left Shoulder,1409.787368774414,333.7390387058258,0.9998361468315125
148,Right Shoulder,1318.403663635254,417.36077785491943,0.9924283623695374
148,Left Elbow,1429.9483108520508,363.37286710739136,0.6221708059310913
148,Right Elbow,1310.2165603637695,500.89754462242126,0.03385463356971741
148,Left Wrist,1303.8472366333008,453.46731305122375,0.3892294466495514
148,Right Wrist,1255.5007553100586,498.1469178199768,0.05918871983885765
148,Left Hip,1427.889175415039,561.9172739982605,0.9998683929443359
148,Right Hip,1390.627326965332,613.1973338127136,0.9997587203979492
148,Left Knee,1170.6572341918945,546.3088774681091,0.9886096715927124
148,Right Knee,1147.540512084961,578.013424873352,0.6655975580215454
148,Left Ankle,1393.560562133789,748.3910322189331,0.9744896292686462
148,Right Ankle,1332.9742813110352,744.1212344169617,0.5928587913513184
149,Nose,1322.702293395996,375.868216753006,0.9729468822479248
149,Left Eye,1326.5599822998047,358.8678503036499,0.9852821230888367
149,Right Eye,1329.3101119995117,355.17776370048523,0.9825427532196045
149,Left Ear,1333.2426452636719,351.40074133872986,0.9853990077972412
149,Right Ear,1278.9812850952148,378.6289179325104,0.9805431962013245
149,Left Shoulder,1409.3547821044922,332.7662980556488,0.9998412132263184
149,Right Shoulder,1316.5827941894531,414.2987787723541,0.9920192360877991
149,Left Elbow,1427.933006286621,364.0419280529022,0.6107214093208313
149,Right Elbow,1309.4510650634766,501.6192948818207,0.03231552988290787
149,Left Wrist,1298.1816101074219,466.94377183914185,0.3786018490791321
149,Right Wrist,1253.2023239135742,497.5414574146271,0.0566619411110878
149,Left Hip,1427.5740051269531,563.9355611801147,0.9998776316642761
149,Right Hip,1390.3645706176758,615.8101058006287,0.9997668266296387
149,Left Knee,1171.7885971069336,546.3491749763489,0.9889428019523621
149,Right Knee,1148.690071105957,577.9056644439697,0.6590480208396912
149,Left Ankle,1385.8510208129883,749.1553330421448,0.9746502041816711
149,Right Ankle,1333.1626510620117,744.1720247268677,0.5840118527412415
150,Nose,1299.407844543457,383.27182173728943,0.9722641706466675
150,Left Eye,1322.7986526489258,363.0206823348999,0.9852790236473083
150,Right Eye,1325.7320022583008,358.9344120025635,0.9824879765510559
150,Left Ear,1329.558334350586,354.8450839519501,0.9853817820549011
150,Right Ear,1278.548812866211,385.9312641620636,0.9803600311279297
150,Left Shoulder,1408.8995361328125,332.6669383049011,0.9998461604118347
150,Right Shoulder,1316.9080352783203,414.1594111919403,0.9918015599250793
150,Left Elbow,1426.7493438720703,365.17582654953003,0.5996807217597961
150,Right Elbow,1309.3302154541016,501.91972374916077,0.03149751201272011
150,Left Wrist,1295.2203369140625,465.3347682952881,0.36944741010665894
150,Right Wrist,1248.1879806518555,495.87100982666016,0.05522036552429199
150,Left Hip,1428.8423538208008,566.1246943473816,0.9998849630355835
150,Right Hip,1380.984992980957,613.5955452919006,0.9997719526290894
150,Left Knee,1171.849479675293,543.7430334091187,0.9893032908439636
150,Right Knee,1150.667381286621,575.5676364898682,0.6598996520042419
150,Left Ankle,1385.7959747314453,749.1359567642212,0.9747920632362366
150,Right Ankle,1342.9475784301758,743.9837336540222,0.578291654586792
151,Nose,1299.7233581542969,384.3895626068115,0.9723267555236816
151,Left Eye,1304.915771484375,373.75903487205505,0.985260009765625
151,Right Eye,1325.7697677612305,363.38558077812195,0.9824602007865906
151,Left Ear,1329.466323852539,359.00325894355774,0.9852824211120605
151,Right Ear,1279.8236846923828,388.2409679889679,0.9804717302322388
151,Left Shoulder,1408.8702392578125,331.8015396595001,0.9998478889465332
151,Right Shoulder,1323.3415603637695,413.987535238266,0.9916927218437195
151,Left Elbow,1403.5736846923828,373.5069179534912,0.5780922174453735
151,Right Elbow,1309.845199584961,502.30209946632385,0.030087517574429512
151,Left Wrist,1278.870849609375,468.8517236709595,0.3499756455421448
151,Right Wrist,1246.307373046875,495.9373140335083,0.05210200324654579
151,Left Hip,1428.5904693603516,566.4049744606018,0.9998920559883118
151,Right Hip,1396.5373992919922,615.2868819236755,0.9997768402099609
151,Left Knee,1172.530632019043,543.1045818328857,0.9896032214164734
151,Right Knee,1153.4746170043945,573.6079287528992,0.6570979952812195
151,Left Ankle,1385.419807434082,747.0254874229431,0.9752109050750732
151,Right Ankle,1344.491958618164,741.3690948486328,0.5740618705749512
152,Nose,1301.085548400879,383.56069564819336,0.9696285724639893
152,Left Eye,1308.2146453857422,369.4178795814514,0.9840779304504395
152,Right Eye,1320.5370712280273,361.4752149581909,0.9810611009597778
152,Left Ear,1324.2851257324219,357.1748399734497,0.9840941429138184
152,Right Ear,1278.6186218261719,387.18364119529724,0.9789066910743713
152,Left Shoulder,1400.3812408447266,331.75374269485474,0.9998540282249451
152,Right Shoulder,1317.5115966796875,409.6830403804779,0.9916764497756958
152,Left Elbow,1409.480094909668,366.07553601264954,0.5756611227989197
152,Right Elbow,1310.4756546020508,498.48265528678894,0.02889132685959339
152,Left Wrist,1280.1259231567383,466.9854211807251,0.3406912386417389
152,Right Wrist,1252.1938705444336,492.577428817749,0.05003698915243149
152,Left Hip,1423.2037353515625,566.4548635482788,0.9998992085456848
152,Right Hip,1378.165168762207,611.5304589271545,0.9997857809066772
152,Left Knee,1172.5950622558594,547.5566840171814,0.9898970127105713
152,Right Knee,1153.183364868164,575.8621430397034,0.6527696847915649
152,Left Ankle,1382.1830749511719,747.0312809944153,0.9754820466041565
152,Right Ankle,1338.625144958496,745.1488208770752,0.5742196440696716
153,Nose,1314.8864364624023,373.278329372406,0.9701917171478271
153,Left Eye,1319.0449905395508,356.5334916114807,0.9842262864112854
153,Right Eye,1325.3160095214844,351.27315402030945,0.9811091423034668
153,Left Ear,1328.8152694702148,347.2746241092682,0.9842064380645752
153,Right Ear,1309.8918914794922,367.45997428894043,0.9793740510940552
153,Left Shoulder,1400.625,330.0506258010864,0.9998592734336853
153,Right Shoulder,1325.2161026000977,409.34521079063416,0.9918590784072876
153,Left Elbow,1409.8926544189453,365.7490360736847,0.5617170333862305
153,Right Elbow,1315.550537109375,498.86345386505127,0.027059519663453102
153,Left Wrist,1282.2814178466797,466.63352608680725,0.3283219635486603
153,Right Wrist,1248.8329696655273,504.7259044647217,0.047509435564279556
153,Left Hip,1423.1821060180664,561.5201568603516,0.9999058842658997
153,Right Hip,1394.1382598876953,611.476514339447,0.999794065952301
153,Left Knee,1171.7518615722656,549.9018573760986,0.9897716045379639
153,Right Knee,1154.9956512451172,573.4741616249084,0.6364012956619263
153,Left Ankle,1377.183837890625,744.8013997077942,0.9750809669494629
153,Right Ankle,1338.3092880249023,745.1972937583923,0.5636605620384216
154,Nose,1325.503921508789,371.08649253845215,0.9706979393959045
154,Left Eye,1329.7090530395508,354.1769564151764,0.984315812587738
154,Right Eye,1333.1272888183594,349.6076309680939,0.981012761592865
154,Left Ear,1336.347541809082,345.70205569267273,0.9842397570610046
154,Right Ear,1323.8792037963867,363.9132785797119,0.979950487613678
154,Left Shoulder,1399.266357421875,329.57297801971436,0.999864935874939
154,Right Shoulder,1328.931999206543,408.8447105884552,0.9922428727149963
154,Left Elbow,1403.6587142944336,366.0817801952362,0.5431174039840698
154,Right Elbow,1315.0205612182617,497.5069534778595,0.025484882295131683
154,Left Wrist,1282.9480361938477,466.2831437587738,0.3138684630393982
154,Right Wrist,1240.3702926635742,505.9949862957001,0.045550595968961716
154,Left Hip,1422.898178100586,559.5802116394043,0.99991375207901
154,Right Hip,1399.2969131469727,610.6664443016052,0.9998072981834412
154,Left Knee,1171.4635848999023,550.539665222168,0.9902112483978271
154,Right Knee,1155.4368209838867,565.8780169487,0.6279355883598328
154,Left Ankle,1376.7803192138672,744.0834474563599,0.9759278297424316
154,Right Ankle,1326.4406204223633,745.211455821991,0.5646529793739319
155,Nose,1324.2753982543945,369.43777084350586,0.9708503484725952
155,Left Eye,1329.2011642456055,352.3655962944031,0.9842917919158936
155,Right Eye,1333.0344772338867,348.40015411376953,0.9808114767074585
155,Left Ear,1336.285057067871,344.7722840309143,0.9841764569282532
155,Right Ear,1303.092269897461,364.8414731025696,0.9802965521812439
155,Left Shoulder,1396.8628692626953,329.6159791946411,0.9998658299446106
155,Right Shoulder,1322.9017639160156,409.10725593566895,0.9925718903541565
155,Left Elbow,1409.1890716552734,363.65269660949707,0.5331418514251709
155,Right Elbow,1307.4334716796875,497.71326899528503,0.025030458346009254
155,Left Wrist,1296.6006088256836,462.19767808914185,0.30221474170684814
155,Right Wrist,1227.2430038452148,508.50170373916626,0.047096990048885345
155,Left Hip,1420.8898544311523,559.8571443557739,0.9999194741249084
155,Right Hip,1378.7339401245117,610.3383350372314,0.999815821647644
155,Left Knee,1173.0305099487305,550.1895403862,0.9904057383537292
155,Right Knee,1155.406723022461,565.7727670669556,0.6209383010864258
155,Left Ankle,1375.3495788574219,743.3393597602844,0.976595938205719
155,Right Ankle,1326.727409362793,747.866907119751,0.5710567235946655
156,Nose,1323.4582901000977,370.37848591804504,0.9700872302055359
156,Left Eye,1329.111557006836,352.7103781700134,0.9836121797561646
156,Right Eye,1332.168960571289,348.9258885383606,0.9798102378845215
156,Left Ear,1335.3902435302734,345.239953994751,0.9834553599357605
156,Right Ear,1296.3813400268555,368.464515209198,0.9799612164497375
156,Left Shoulder,1395.2531433105469,329.67758417129517,0.9998649954795837
156,Right Shoulder,1322.1109771728516,411.7519247531891,0.992909848690033
156,Left Elbow,1410.0274658203125,363.24241518974304,0.5145976543426514
156,Right Elbow,1307.0155334472656,504.96646642684937,0.024189256131649017
156,Left Wrist,1301.1943817138672,460.6541097164154,0.28418758511543274
156,Right Wrist,1225.382194519043,527.1286475658417,0.046878881752491
156,Left Hip,1420.125846862793,560.907711982727,0.9999250769615173
156,Right Hip,1373.5123443603516,610.3592562675476,0.9998244643211365
156,Left Knee,1170.5560684204102,552.1542048454285,0.9905458688735962
156,Right Knee,1155.4948425292969,565.8590912818909,0.6128876209259033
156,Left Ankle,1375.008430480957,741.74644947052,0.977295458316803
156,Right Ankle,1326.0447692871094,749.4873046875,0.5773616433143616
157,Nose,1304.2847442626953,373.52999567985535,0.9671936631202698
157,Left Eye,1306.9874954223633,354.776816368103,0.9821990132331848
157,Right Eye,1309.8973846435547,351.034619808197,0.9780371189117432
157,Left Ear,1313.3623123168945,347.2177827358246,0.9821070432662964
157,Right Ear,1277.2136306762695,370.31617283821106,0.9787461757659912
157,Left Shoulder,1390.7278060913086,329.9334669113159,0.9998626112937927
157,Right Shoulder,1307.4151611328125,415.6977653503418,0.9931361079216003
157,Left Elbow,1412.3094177246094,361.1330723762512,0.5086496472358704
157,Right Elbow,1296.9847869873047,512.6287221908569,0.023832807317376137
157,Left Wrist,1299.3206405639648,463.48201632499695,0.27316179871559143
157,Right Wrist,1221.324691772461,534.9554407596588,0.047424472868442535
157,Left Hip,1413.215675354004,563.1133246421814,0.9999299645423889
157,Right Hip,1359.2635345458984,610.5398225784302,0.9998314380645752
157,Left Knee,1172.666244506836,551.181914806366,0.9905895590782166
157,Right Knee,1155.1051712036133,565.1341867446899,0.6131674647331238
157,Left Ankle,1375.045394897461,741.636950969696,0.977709174156189
157,Right Ankle,1330.7928085327148,740.7278108596802,0.5893914103507996
158,Nose,1304.6930694580078,376.9959354400635,0.9649309515953064
158,Left Eye,1307.6649856567383,358.7795948982239,0.9810581803321838
158,Right Eye,1310.9962463378906,355.27255296707153,0.9765720963478088
158,Left Ear,1314.6045684814453,351.65247201919556,0.9809520244598389
158,Right Ear,1275.9550094604492,373.4602475166321,0.9779553413391113
158,Left Shoulder,1384.3184280395508,333.31713795661926,0.9998645782470703
158,Right Shoulder,1298.7018585205078,417.379252910614,0.9935022592544556
158,Left Elbow,1416.716194152832,360.67702174186707,0.5044913291931152
158,Right Elbow,1289.882583618164,510.66827416419983,0.02343498356640339
158,Left Wrist,1309.2309951782227,453.86056780815125,0.2635219693183899
158,Right Wrist,1214.6018600463867,528.8364958763123,0.04807696491479874
158,Left Hip,1412.1565246582031,564.518072605133,0.9999349117279053
158,Right Hip,1354.7941589355469,610.6630969047546,0.9998407363891602
158,Left Knee,1172.6812362670898,544.7278761863708,0.9908206462860107
158,Right Knee,1149.4511032104492,566.6452789306641,0.6142933368682861
158,Left Ankle,1374.814796447754,741.411452293396,0.9776396751403809
158,Right Ankle,1320.926856994629,740.9950876235962,0.594159722328186
159,Nose,1305.729103088379,377.0397734642029,0.9632057547569275
159,Left Eye,1309.4479751586914,358.87654066085815,0.9801351428031921
159,Right Eye,1313.2597732543945,355.37654757499695,0.9755210280418396
159,Left Ear,1316.927146911621,351.78147554397583,0.9801310300827026
159,Right Ear,1274.6789932250977,375.2543878555298,0.9771329760551453
159,Left Shoulder,1384.5268249511719,334.2146587371826,0.9998622536659241
159,Right Shoulder,1296.9009017944336,417.99890756607056,0.9936625957489014
159,Left Elbow,1418.839988708496,360.8205735683441,0.49537256360054016
159,Right Elbow,1289.7135543823242,511.0770106315613,0.022854413837194443
159,Left Wrist,1306.538200378418,454.3893599510193,0.25505581498146057
159,Right Wrist,1213.6937713623047,528.4802877902985,0.04820040240883827
159,Left Hip,1412.7775955200195,568.7841367721558,0.9999388456344604
159,Right Hip,1353.9241790771484,611.3919281959534,0.9998467564582825
159,Left Knee,1168.8127899169922,544.3511652946472,0.9907573461532593
159,Right Knee,1145.5606842041016,567.5712203979492,0.6125131249427795
159,Left Ankle,1371.0181045532227,741.4401626586914,0.9776493310928345
159,Right Ankle,1320.7739639282227,744.3937253952026,0.600196123123169
160,Nose,1308.5215759277344,373.85955333709717,0.9629414081573486
160,Left Eye,1311.3595962524414,356.6931688785553,0.9803385734558105
160,Right Eye,1314.8192596435547,353.3222758769989,0.9757089018821716
160,Left Ear,1318.9021682739258,349.8661530017853,0.9803099036216736
160,Right Ear,1277.329330444336,375.8860158920288,0.9773404598236084
160,Left Shoulder,1385.679702758789,332.6307284832001,0.9998666644096375
160,Right Shoulder,1298.7623977661133,413.2627594470978,0.9937390089035034
160,Left Elbow,1418.092918395996,359.937504529953,0.4937928020954132
160,Right Elbow,1290.7954788208008,506.6217863559723,0.023053189739584923
160,Left Wrist,1291.8806076049805,455.8420979976654,0.2564849555492401
160,Right Wrist,1237.6774978637695,484.0733993053436,0.049819208681583405
160,Left Hip,1413.5914993286133,569.0239262580872,0.9999423027038574
160,Right Hip,1352.248191833496,611.8004393577576,0.9998525977134705
160,Left Knee,1168.974609375,533.4828436374664,0.9907407760620117
160,Right Knee,1142.2497940063477,566.6999316215515,0.6073411703109741
160,Left Ankle,1369.3349075317383,736.7334008216858,0.9778324365615845
160,Right Ankle,1323.369369506836,739.4738245010376,0.6002299189567566
161,Nose,1290.7451248168945,379.5270502567291,0.9630199074745178
161,Left Eye,1307.2764587402344,358.4464967250824,0.9806931018829346
161,Right Eye,1311.134033203125,355.0358855724335,0.976087749004364
161,Left Ear,1315.4204177856445,351.54712557792664,0.9806489944458008
161,Right Ear,1273.326530456543,377.3904776573181,0.9777629971504211
161,Left Shoulder,1384.1331481933594,332.62982726097107,0.999872624874115
161,Right Shoulder,1293.915138244629,412.9512584209442,0.9939680099487305
161,Left Elbow,1421.5267181396484,357.41659283638,0.5001768469810486
161,Right Elbow,1290.7295608520508,505.86318254470825,0.02549542859196663
161,Left Wrist,1288.1193923950195,455.1579737663269,0.2656829357147217
161,Right Wrist,1243.9020538330078,470.32235741615295,0.0572810098528862
161,Left Hip,1413.2769012451172,569.7300338745117,0.9999451041221619
161,Right Hip,1349.5615768432617,611.8605637550354,0.9998571276664734
161,Left Knee,1168.8384246826172,530.3954493999481,0.9907237887382507
161,Right Knee,1141.4113998413086,565.0484418869019,0.6070922017097473
161,Left Ankle,1369.0736389160156,734.0863180160522,0.977571427822113
161,Right Ankle,1323.7488555908203,735.2764463424683,0.6016295552253723
162,Nose,1282.8690719604492,383.3136320114136,0.962917149066925
162,Left Eye,1295.8935928344727,365.18377661705017,0.9808890223503113
162,Right Eye,1299.4394302368164,361.2735986709595,0.976347029209137
162,Left Ear,1303.2995223999023,357.3656094074249,0.980837881565094
162,Right Ear,1267.9316711425781,382.6247441768646,0.9779685139656067
162,Left Shoulder,1382.1511459350586,332.71045446395874,0.9998787641525269
162,Right Shoulder,1292.6528549194336,412.9637145996094,0.9941758513450623
162,Left Elbow,1422.3661422729492,354.89967226982117,0.5098513960838318
162,Right Elbow,1289.421615600586,505.8063733577728,0.026239117607474327
162,Left Wrist,1285.7090377807617,454.807687997818,0.27656447887420654
162,Right Wrist,1235.2726364135742,479.6572494506836,0.06227099895477295
162,Left Hip,1411.9712448120117,570.5869030952454,0.9999483227729797
162,Right Hip,1349.4304275512695,611.8617868423462,0.9998626112937927
162,Left Knee,1168.718147277832,530.6646251678467,0.9908162355422974
162,Right Knee,1141.7460250854492,564.4349670410156,0.6072699427604675
162,Left Ankle,1368.8984298706055,734.4502830505371,0.9776427149772644
162,Right Ankle,1323.3732604980469,734.4195127487183,0.6031649112701416
163,Nose,1275.662841796875,393.4227705001831,0.9620093703269958
163,Left Eye,1283.8521194458008,378.86104702949524,0.9805898070335388
163,Right Eye,1293.7532043457031,370.5403196811676,0.9759860634803772
163,Left Ear,1297.4174880981445,366.5273058414459,0.9804279804229736
163,Right Ear,1264.1499710083008,390.9090042114258,0.9776995182037354
163,Left Shoulder,1379.9735641479492,334.964314699173,0.9998806118965149
163,Right Shoulder,1291.878547668457,413.5479962825775,0.9943711757659912
163,Left Elbow,1422.2248077392578,355.19826650619507,0.5173362493515015
163,Right Elbow,1286.7523956298828,504.2107915878296,0.02803107164800167
163,Left Wrist,1282.2501754760742,454.7412872314453,0.28275299072265625
163,Right Wrist,1235.1557922363281,484.00155901908875,0.06739823520183563
163,Left Hip,1412.211799621582,573.6028432846069,0.9999514222145081
163,Right Hip,1350.5979537963867,611.8785238265991,0.9998685121536255
163,Left Knee,1168.828468322754,530.972650051117,0.9909242391586304
163,Right Knee,1141.9030380249023,563.1944990158081,0.6099425554275513
163,Left Ankle,1367.2971725463867,734.7827053070068,0.9776115417480469
163,Right Ankle,1323.7997817993164,732.1817135810852,0.6074112057685852
164,Nose,1279.940185546875,392.9891538619995,0.9609844088554382
164,Left Eye,1284.4987106323242,381.4226424694061,0.980150043964386
164,Right Eye,1297.8924179077148,371.36011004447937,0.9754152297973633
164,Left Ear,1301.4830017089844,367.3011338710785,0.9799317717552185
164,Right Ear,1266.8400192260742,392.80192494392395,0.9771803617477417
164,Left Shoulder,1380.963134765625,334.49246048927307,0.9998815655708313
164,Right Shoulder,1300.686264038086,412.78652787208557,0.9942195415496826
164,Left Elbow,1392.000846862793,363.4916031360626,0.5221880078315735
164,Right Elbow,1292.603759765625,499.6512186527252,0.027524301782250404
164,Left Wrist,1262.9254531860352,454.78535056114197,0.2794745862483978
164,Right Wrist,1245.0608825683594,478.36042284965515,0.06404046714305878
164,Left Hip,1416.067886352539,574.2790818214417,0.9999535083770752
164,Right Hip,1354.1366958618164,611.7425036430359,0.9998694062232971
164,Left Knee,1166.8381118774414,535.7637405395508,0.9911834597587585
164,Right Knee,1142.2017288208008,562.726571559906,0.6071527004241943
164,Left Ankle,1367.4442291259766,736.0055994987488,0.9780237078666687
164,Right Ankle,1325.401496887207,730.1600790023804,0.6047877073287964
165,Nose,1279.4159317016602,391.79091453552246,0.9602247476577759
165,Left Eye,1282.401237487793,379.6598196029663,0.9801645278930664
165,Right Eye,1293.761100769043,371.51965856552124,0.9753305315971375
165,Left Ear,1297.0802307128906,367.3915457725525,0.9798972606658936
165,Right Ear,1266.522331237793,392.6461100578308,0.9771516919136047
165,Left Shoulder,1381.4876174926758,334.3585002422333,0.9998835921287537
165,Right Shoulder,1300.3836822509766,413.2958149909973,0.9943161606788635
165,Left Elbow,1397.5799560546875,358.36355209350586,0.5317067503929138
165,Right Elbow,1292.8732681274414,497.4242663383484,0.02870042622089386
165,Left Wrist,1266.3586807250977,449.46141242980957,0.2768481969833374
165,Right Wrist,1249.764404296875,474.50058460235596,0.06290199607610703
165,Left Hip,1416.427345275879,574.1516876220703,0.9999558329582214
165,Right Hip,1354.716911315918,611.4115619659424,0.999873161315918
165,Left Knee,1166.4979934692383,538.3115923404694,0.9914345741271973
165,Right Knee,1142.0609664916992,562.4330306053162,0.6100834608078003
165,Left Ankle,1367.0496368408203,738.0175137519836,0.9780800342559814
165,Right Ankle,1326.4311218261719,729.2001485824585,0.6065009832382202
166,Nose,1278.101463317871,390.8785557746887,0.9585989713668823
166,Left Eye,1285.3913497924805,378.83410692214966,0.9795122742652893
166,Right Eye,1292.526626586914,370.4316580295563,0.974381685256958
166,Left Ear,1295.7270812988281,366.35748982429504,0.9791267514228821
166,Right Ear,1265.6018829345703,392.02800035476685,0.976445734500885
166,Left Shoulder,1381.7128372192383,333.8247835636139,0.9998828768730164
166,Right Shoulder,1300.4537200927734,410.50347447395325,0.9943758845329285
166,Left Elbow,1400.5419158935547,358.3825099468231,0.5371562838554382
166,Right Elbow,1292.969741821289,493.73186230659485,0.029212987050414085
166,Left Wrist,1259.3440246582031,450.231249332428,0.27454453706741333
166,Right Wrist,1249.511375427246,472.3338210582733,0.06178713217377663
166,Left Hip,1417.7239608764648,574.0672302246094,0.9999567866325378
166,Right Hip,1354.771957397461,610.7996964454651,0.9998733997344971
166,Left Knee,1165.6965637207031,540.342915058136,0.9915566444396973
166,Right Knee,1139.6349334716797,562.8564119338989,0.6043363809585571
166,Left Ankle,1367.0685195922852,738.2032942771912,0.9783639907836914
166,Right Ankle,1326.5343475341797,729.8925447463989,0.6011629700660706
167,Nose,1272.6657485961914,390.24834394454956,0.9533064961433411
167,Left Eye,1283.1727981567383,377.3383033275604,0.9770274758338928
167,Right Eye,1287.6496124267578,370.3612983226776,0.9712108373641968
167,Left Ear,1290.974464416504,366.2827527523041,0.9765995740890503
167,Right Ear,1263.0792617797852,391.75618529319763,0.9736794233322144
167,Left Shoulder,1378.8874053955078,334.05301809310913,0.9998769760131836
167,Right Shoulder,1296.6342544555664,409.09319043159485,0.9942398071289062
167,Left Elbow,1402.2049713134766,357.0886766910553,0.5409517884254456
167,Right Elbow,1292.9465103149414,491.0507261753082,0.02961081638932228
167,Left Wrist,1259.190330505371,450.38564801216125,0.2679763436317444
167,Right Wrist,1251.6042709350586,469.18404936790466,0.06011342629790306
167,Left Hip,1417.7248764038086,574.0571880340576,0.9999563097953796
167,Right Hip,1353.6716079711914,610.769054889679,0.9998692870140076
167,Left Knee,1163.8159561157227,541.6966795921326,0.9916542768478394
167,Right Knee,1137.9131698608398,563.7902069091797,0.6016455292701721
167,Left Ankle,1367.3175430297852,738.8229489326477,0.9783443808555603
167,Right Ankle,1324.449806213379,743.1662607192993,0.5953736901283264
168,Nose,1271.3170623779297,390.5754554271698,0.9461354613304138
168,Left Eye,1283.1288528442383,376.23803973197937,0.9733925461769104
168,Right Eye,1286.9340133666992,369.8434817790985,0.9667026400566101
168,Left Ear,1290.3089904785156,365.82892298698425,0.9730467796325684
168,Right Ear,1262.4731826782227,390.93623399734497,0.9697727560997009
168,Left Shoulder,1379.7063446044922,334.9290704727173,0.9998703598976135
168,Right Shoulder,1294.5914840698242,409.17075991630554,0.9940854907035828
168,Left Elbow,1403.3244323730469,357.12427496910095,0.5388479232788086
168,Right Elbow,1293.2670593261719,488.7980246543884,0.02954026870429516
168,Left Wrist,1261.4274215698242,449.9309170246124,0.2583657503128052
168,Right Wrist,1256.7895889282227,468.81364703178406,0.058271389454603195
168,Left Hip,1418.525505065918,574.5456504821777,0.9999562501907349
168,Right Hip,1353.1280136108398,610.7769727706909,0.999866247177124
168,Left Knee,1161.8175888061523,544.1613292694092,0.9918331503868103
168,Right Knee,1137.488021850586,565.351767539978,0.6025338172912598
168,Left Ankle,1367.3816299438477,738.9716506004333,0.9782724976539612
168,Right Ankle,1317.2053527832031,741.7655038833618,0.59224933385849
169,Nose,1283.818588256836,384.1244101524353,0.9395857453346252
169,Left Eye,1287.9743957519531,369.16698575019836,0.9700724482536316
169,Right Eye,1290.4219436645508,365.18471002578735,0.9623207449913025
169,Left Ear,1294.4214248657227,362.0947730541229,0.969754159450531
169,Right Ear,1263.328742980957,390.1895070075989,0.9670025706291199
169,Left Shoulder,1380.2809524536133,338.0759131908417,0.9998570084571838
169,Right Shoulder,1287.656021118164,408.8258492946625,0.994160532951355
169,Left Elbow,1410.7331085205078,356.3972783088684,0.5350192785263062
169,Right Elbow,1288.4260940551758,481.61731123924255,0.030817845836281776
169,Left Wrist,1271.503028869629,450.0968384742737,0.2524845004081726
169,Right Wrist,1259.8530578613281,464.07025694847107,0.059321362525224686
169,Left Hip,1418.261489868164,575.0401639938354,0.9999564290046692
169,Right Hip,1350.5321502685547,610.7642912864685,0.9998657703399658
169,Left Knee,1163.4621047973633,544.1577887535095,0.9918867349624634
169,Right Knee,1137.1424102783203,565.3367686271667,0.599290132522583
169,Left Ankle,1371.998405456543,739.2822504043579,0.9778915047645569
169,Right Ankle,1314.6112060546875,739.4471740722656,0.5833771228790283
170,Nose,1275.3143692016602,384.9021327495575,0.9381479620933533
170,Left Eye,1287.3833084106445,369.57070112228394,0.9690043330192566
170,Right Eye,1290.3376007080078,365.81186413764954,0.9610450863838196
170,Left Ear,1294.2939376831055,362.64477610588074,0.9684371948242188
170,Right Ear,1257.549819946289,389.79496479034424,0.9663733839988708
170,Left Shoulder,1380.6800079345703,338.9760732650757,0.9998512268066406
170,Right Shoulder,1282.1540451049805,409.0509617328644,0.9943003058433533
170,Left Elbow,1409.0349197387695,357.95262694358826,0.5337468385696411
170,Right Elbow,1283.7097549438477,482.606338262558,0.033395569771528244
170,Left Wrist,1271.3932800292969,456.77257776260376,0.25083476305007935
170,Right Wrist,1258.1681442260742,462.528555393219,0.06379436701536179
170,Left Hip,1418.5719680786133,576.1036062240601,0.999957263469696
170,Right Hip,1349.549331665039,610.7813501358032,0.9998677372932434
170,Left Knee,1174.5912551879883,540.7003140449524,0.9920692443847656
170,Right Knee,1137.3478317260742,564.4300103187561,0.6064441204071045
170,Left Ankle,1375.2960205078125,737.9618954658508,0.9781072735786438
170,Right Ankle,1310.5694961547852,737.5389003753662,0.58223956823349
171,Nose,1275.6084823608398,385.7120096683502,0.9368039965629578
171,Left Eye,1292.3856353759766,369.8057270050049,0.9682559370994568
171,Right Eye,1295.3303146362305,366.2172853946686,0.9601074457168579
171,Left Ear,1299.7951126098633,363.0526113510132,0.9676326513290405
171,Right Ear,1258.5001373291016,389.5529866218567,0.9657216668128967
171,Left Shoulder,1380.7532501220703,338.8103449344635,0.9998446702957153
171,Right Shoulder,1282.6964950561523,414.2483425140381,0.9943875670433044
171,Left Elbow,1411.1763381958008,354.7077763080597,0.526057243347168
171,Right Elbow,1281.6755676269531,483.69147419929504,0.03534896671772003
171,Left Wrist,1278.0400085449219,452.6006269454956,0.2428484559059143
171,Right Wrist,1258.981819152832,458.5452175140381,0.06705524027347565
171,Left Hip,1420.0593566894531,575.8184337615967,0.999958336353302
171,Right Hip,1349.3174743652344,610.9626889228821,0.9998689889907837
171,Left Knee,1176.7766189575195,533.7345099449158,0.9919881224632263
171,Right Knee,1137.9297637939453,563.2934403419495,0.6049158573150635
171,Left Ankle,1375.2011489868164,736.6715383529663,0.9769904017448425
171,Right Ankle,1309.2206954956055,735.6874680519104,0.5722436308860779
172,Nose,1272.849998474121,386.52201533317566,0.9343159198760986
172,Left Eye,1292.0537567138672,372.36645340919495,0.9665093421936035
172,Right Eye,1295.3115463256836,369.1036105155945,0.9580915570259094
172,Left Ear,1299.792366027832,366.00189328193665,0.9656296372413635
172,Right Ear,1258.604621887207,389.66007113456726,0.9640266299247742
172,Left Shoulder,1380.6643295288086,338.9311730861664,0.9998403787612915
172,Right Shoulder,1278.7145233154297,417.041552066803,0.9944968819618225
172,Left Elbow,1413.6238861083984,354.3044149875641,0.5279308557510376
172,Right Elbow,1268.1249618530273,483.20024371147156,0.04177480936050415
172,Left Wrist,1278.464698791504,454.15114760398865,0.24500776827335358
172,Right Wrist,1258.341407775879,452.4830174446106,0.07597954571247101
172,Left Hip,1420.0401306152344,576.0918259620667,0.999958336353302
172,Right Hip,1348.5417938232422,612.1689748764038,0.9998672008514404
172,Left Knee,1177.4848937988281,531.4540958404541,0.9920966625213623
172,Right Knee,1138.070068359375,562.6967024803162,0.6120852828025818
172,Left Ankle,1378.3832931518555,737.2577834129333,0.9765468239784241
172,Right Ankle,1309.8504638671875,735.024425983429,0.5660395622253418
173,Nose,1272.1889877319336,388.1115782260895,0.9364906549453735
173,Left Eye,1292.028694152832,374.7178065776825,0.9681392908096313
173,Right Eye,1295.475082397461,372.18505024909973,0.9601073265075684
173,Left Ear,1299.920310974121,369.73182678222656,0.9671295285224915
173,Right Ear,1258.9217376708984,391.1936616897583,0.9658322930335999
173,Left Shoulder,1377.5984573364258,354.1628587245941,0.9998244047164917
173,Right Shoulder,1273.2904815673828,429.3423342704773,0.9947466850280762
173,Left Elbow,1422.5898742675781,356.84354424476624,0.5418320894241333
173,Right Elbow,1261.8397521972656,483.6457049846649,0.04905430227518082
173,Left Wrist,1292.0632553100586,454.1444206237793,0.2611232101917267
173,Right Wrist,1255.8866500854492,455.69252729415894,0.09439049661159515
173,Left Hip,1419.539794921875,582.5403928756714,0.9999584555625916
173,Right Hip,1341.709098815918,614.7278022766113,0.9998698830604553
173,Left Knee,1231.0606384277344,497.18196630477905,0.9921433329582214
173,Right Knee,1138.1015396118164,561.8785858154297,0.6308683156967163
173,Left Ankle,1380.7366561889648,737.3241519927979,0.9756463170051575
173,Right Ankle,1315.5186080932617,729.7348952293396,0.5740101337432861
174,Nose,1272.722396850586,390.6952214241028,0.9374292492866516
174,Left Eye,1293.281593322754,377.0069110393524,0.9682101011276245
174,Right Eye,1296.8936920166016,374.6769618988037,0.9605939984321594
174,Left Ear,1301.5926361083984,372.3757874965668,0.9674210548400879
174,Right Ear,1259.6133041381836,393.17760586738586,0.9658681750297546
174,Left Shoulder,1377.403335571289,354.7972869873047,0.9998252987861633
174,Right Shoulder,1274.2797088623047,435.2502644062042,0.9949140548706055
174,Left Elbow,1423.2223892211914,356.3461661338806,0.5492174029350281
174,Right Elbow,1262.6519393920898,484.68066215515137,0.05097697675228119
174,Left Wrist,1300.6317901611328,449.95071172714233,0.2649267613887787
174,Right Wrist,1255.143928527832,457.53127813339233,0.09829725325107574
174,Left Hip,1418.8423919677734,582.2217464447021,0.9999594688415527
174,Right Hip,1340.6775283813477,616.5737628936768,0.999871551990509
174,Left Knee,1224.6629333496094,488.65167260169983,0.9920850992202759
174,Right Knee,1137.997055053711,561.989951133728,0.6338160634040833
174,Left Ankle,1380.3509902954102,735.3964376449585,0.975334107875824
174,Right Ankle,1305.5706024169922,729.9688911437988,0.5731840133666992
175,Nose,1282.1285247802734,392.90746450424194,0.9410728216171265
175,Left Eye,1293.3380126953125,380.30213356018066,0.9700912833213806
175,Right Eye,1296.9558334350586,378.2587730884552,0.9630545377731323
175,Left Ear,1301.601219177246,376.2430930137634,0.9692541360855103
175,Right Ear,1259.9938201904297,394.0480577945709,0.9680023789405823
175,Left Shoulder,1370.1179122924805,375.3249728679657,0.9998322129249573
175,Right Shoulder,1265.8284759521484,444.07445311546326,0.9952964782714844
175,Left Elbow,1428.8243865966797,351.1742126941681,0.5694641470909119
175,Right Elbow,1257.0600128173828,495.4815208911896,0.05373423919081688
175,Left Wrist,1328.579978942871,437.788782119751,0.2708101272583008
175,Right Wrist,1235.8907318115234,481.6116142272949,0.10902726650238037
175,Left Hip,1411.2498092651367,583.9488101005554,0.999962329864502
175,Right Hip,1337.6606369018555,619.9904251098633,0.9998812079429626
175,Left Knee,1200.864372253418,524.8272800445557,0.9922419190406799
175,Right Knee,1138.0250930786133,566.1297154426575,0.6406436562538147
175,Left Ankle,1382.764892578125,735.1442885398865,0.975773274898529
175,Right Ankle,1306.8256759643555,731.8324899673462,0.5812999606132507
176,Nose,1275.19775390625,394.8361122608185,0.9456966519355774
176,Left Eye,1285.9357452392578,382.70936250686646,0.9725559949874878
176,Right Eye,1297.1421432495117,380.1944375038147,0.9661633372306824
176,Left Ear,1301.7536544799805,378.3452904224396,0.9718031883239746
176,Right Ear,1259.1012954711914,394.8489224910736,0.9706164598464966
176,Left Shoulder,1367.1858215332031,387.3902463912964,0.9998399019241333
176,Right Shoulder,1264.5917129516602,457.7018988132477,0.9955752491950989
176,Left Elbow,1434.3984603881836,349.2837703227997,0.601271390914917
176,Right Elbow,1251.8601608276367,505.0277817249298,0.060413919389247894
176,Left Wrist,1338.445701599121,421.71165347099304,0.3009794354438782
176,Right Wrist,1230.3573989868164,482.18575716018677,0.12304313480854034
176,Left Hip,1408.6152648925781,585.1682281494141,0.9999641180038452
176,Right Hip,1336.8243026733398,624.9938178062439,0.9998874664306641
176,Left Knee,1210.3184509277344,505.47433733940125,0.992339015007019
176,Right Knee,1137.5448989868164,570.3777551651001,0.654707670211792
176,Left Ankle,1382.3591995239258,734.8279595375061,0.9758222699165344
176,Right Ankle,1311.254653930664,735.3344464302063,0.5927157402038574
177,Nose,1272.5190353393555,395.68223118782043,0.9501994252204895
177,Left Eye,1283.9983749389648,383.68677020072937,0.9747903943061829
177,Right Eye,1296.152687072754,381.0444509983063,0.9689996242523193
177,Left Ear,1300.7028579711914,379.26109313964844,0.9740708470344543
177,Right Ear,1258.6613845825195,394.604948759079,0.9730411171913147
177,Left Shoulder,1365.7621765136719,387.5864553451538,0.999849259853363
177,Right Shoulder,1258.1452560424805,460.4488241672516,0.9959089756011963
177,Left Elbow,1434.1823959350586,349.0263104438782,0.6285515427589417
177,Right Elbow,1240.4903411865234,516.5676748752594,0.0674278512597084
177,Left Wrist,1343.7139892578125,420.1819574832916,0.32194194197654724
177,Right Wrist,1217.2198104858398,491.67240858078003,0.14483416080474854
177,Left Hip,1406.4788818359375,585.130763053894,0.9999662041664124
177,Right Hip,1333.773193359375,627.282600402832,0.9998942613601685
177,Left Knee,1217.7810287475586,496.9340980052948,0.9925539493560791
177,Right Knee,1136.9907760620117,570.159273147583,0.6652310490608215
177,Left Ankle,1382.08740234375,734.6924543380737,0.9765210151672363
177,Right Ankle,1308.2659149169922,737.2087955474854,0.601718544960022
178,Nose,1269.063720703125,397.6085615158081,0.9548131227493286
178,Left Eye,1284.6837615966797,389.80491042137146,0.9771149754524231
178,Right Eye,1294.3560791015625,387.6362156867981,0.9718828797340393
178,Left Ear,1298.7080383300781,385.80889105796814,0.976455807685852
178,Right Ear,1257.5909042358398,397.07088589668274,0.975523829460144
178,Left Shoulder,1360.103759765625,387.0156919956207,0.9998632669448853
178,Right Shoulder,1256.2639617919922,460.8402121067047,0.9962625503540039
178,Left Elbow,1436.730079650879,345.17213702201843,0.6611899137496948
178,Right Elbow,1235.2153015136719,522.8397309780121,0.07959745079278946
178,Left Wrist,1339.8500061035156,422.27964878082275,0.36920127272605896
178,Right Wrist,1212.5117111206055,496.5603804588318,0.17588651180267334
178,Left Hip,1405.1118850708008,585.5179667472839,0.9999690055847168
178,Right Hip,1333.311538696289,628.5681295394897,0.999902606010437
178,Left Knee,1178.184585571289,535.3281283378601,0.9927091002464294
178,Right Knee,1134.6156692504883,571.5588068962097,0.6689456105232239
178,Left Ankle,1381.8486785888672,739.4173049926758,0.9772028923034668
178,Right Ankle,1308.5097885131836,741.8099212646484,0.6058579087257385
179,Nose,1268.060417175293,393.75126600265503,0.9588249921798706
179,Left Eye,1285.0988388061523,388.7492251396179,0.9791306257247925
179,Right Eye,1292.7407455444336,386.33562326431274,0.9743654727935791
179,Left Ear,1296.8211364746094,384.3999910354614,0.9785116910934448
179,Right Ear,1268.477897644043,395.6480813026428,0.9777106046676636
179,Left Shoulder,1358.6484146118164,383.0990767478943,0.9998742938041687
179,Right Shoulder,1256.092872619629,459.06039476394653,0.9965791702270508
179,Left Elbow,1435.378532409668,345.62065601348877,0.6830940246582031
179,Right Elbow,1240.9362030029297,518.4087431430817,0.08524695783853531
179,Left Wrist,1334.3623352050781,424.6045124530792,0.3867283761501312
179,Right Wrist,1217.7532196044922,494.043105840683,0.18683694303035736
179,Left Hip,1405.5370330810547,581.8224406242371,0.9999712705612183
179,Right Hip,1333.4191131591797,626.8693900108337,0.9999098777770996
179,Left Knee,1171.2440872192383,543.1162333488464,0.9929067492485046
179,Right Knee,1134.7644424438477,574.9522304534912,0.6676817536354065
179,Left Ankle,1380.970687866211,740.8198642730713,0.9778705835342407
179,Right Ankle,1307.7349090576172,746.6088008880615,0.6120082139968872
180,Nose,1277.5281143188477,394.2750370502472,0.9621576070785522
180,Left Eye,1285.2735900878906,387.9546046257019,0.980841875076294
180,Right Eye,1292.3386001586914,385.52465200424194,0.9765008091926575
180,Left Ear,1295.9717559814453,383.49812507629395,0.9802594184875488
180,Right Ear,1275.2264785766602,395.589759349823,0.9795643091201782
180,Left Shoulder,1358.598976135254,380.3404676914215,0.9998830556869507
180,Right Shoulder,1257.140235900879,455.4671251773834,0.9968390464782715
180,Left Elbow,1436.5087509155273,346.099591255188,0.7029858827590942
180,Right Elbow,1244.1268157958984,516.4567279815674,0.08721370995044708
180,Left Wrist,1338.504295349121,426.4513099193573,0.40195122361183167
180,Right Wrist,1219.738540649414,492.0741927623749,0.187673881649971
180,Left Hip,1405.8880233764648,581.5372681617737,0.9999732375144958
180,Right Hip,1336.6128158569336,627.1089863777161,0.9999166131019592
180,Left Knee,1166.850814819336,553.0219531059265,0.9929811358451843
180,Right Knee,1135.2550506591797,578.3791279792786,0.6679115891456604
180,Left Ankle,1378.8709259033203,741.0601043701172,0.978139340877533
180,Right Ankle,1307.9469680786133,747.6428246498108,0.6171369552612305
181,Nose,1281.610336303711,394.83041524887085,0.9650336503982544
181,Left Eye,1286.103858947754,387.3904073238373,0.982276976108551
181,Right Eye,1292.4469757080078,384.93180871009827,0.978285551071167
181,Left Ear,1296.1161804199219,382.8416168689728,0.9817233681678772
181,Right Ear,1278.581886291504,395.223251581192,0.9811602234840393
181,Left Shoulder,1359.5632553100586,378.40628385543823,0.9998886585235596
181,Right Shoulder,1258.4160232543945,455.2873635292053,0.9970642328262329
181,Left Elbow,1436.3982009887695,347.2139525413513,0.7180054783821106
181,Right Elbow,1245.6171798706055,514.8811662197113,0.0877922773361206
181,Left Wrist,1342.0133972167969,426.8295979499817,0.4091453552246094
181,Right Wrist,1228.0284118652344,491.5426003932953,0.18785360455513
181,Left Hip,1406.9328689575195,575.8929133415222,0.99997478723526
181,Right Hip,1338.4160614013672,624.7611737251282,0.9999221563339233
181,Left Knee,1163.4618759155273,552.6022410392761,0.993086576461792
181,Right Knee,1138.1663131713867,579.5030808448792,0.6663758158683777
181,Left Ankle,1377.7685165405273,740.8936357498169,0.9785161018371582
181,Right Ankle,1312.0976257324219,757.834746837616,0.6228811144828796
182,Nose,1291.9972229003906,397.8144907951355,0.9675543308258057
182,Left Eye,1295.7144927978516,390.92400312423706,0.9836099743843079
182,Right Eye,1299.3831253051758,389.05731439590454,0.9799566268920898
182,Left Ear,1302.4706268310547,387.41300225257874,0.9830784797668457
182,Right Ear,1289.4006729125977,397.10455298423767,0.9826032519340515
182,Left Shoulder,1360.1610946655273,385.92350721359253,0.9998936057090759
182,Right Shoulder,1258.1555557250977,456.8220806121826,0.9972538948059082
182,Left Elbow,1436.0065841674805,349.10603642463684,0.7358502149581909
182,Right Elbow,1246.6486358642578,513.6938381195068,0.09031151235103607
182,Left Wrist,1344.049301147461,426.28918647766113,0.42393723130226135
182,Right Wrist,1226.7458724975586,490.47555327415466,0.19012367725372314
182,Left Hip,1407.337646484375,580.18150806427,0.9999760389328003
182,Right Hip,1341.5523147583008,627.5404787063599,0.9999271631240845
182,Left Knee,1164.0942764282227,549.626727104187,0.9929007887840271
182,Right Knee,1139.0362930297852,580.8737111091614,0.6717014908790588
182,Left Ankle,1375.543327331543,743.6234378814697,0.9779254198074341
182,Right Ankle,1315.7686614990234,755.2615642547607,0.6274911761283875
183,Nose,1284.6764373779297,396.1470687389374,0.9699692726135254
183,Left Eye,1295.4293060302734,390.6561470031738,0.9847226738929749
183,Right Eye,1299.3225860595703,388.8465893268585,0.9813794493675232
183,Left Ear,1303.2780075073242,386.4020240306854,0.9842085242271423
183,Right Ear,1279.4079208374023,395.4696714878082,0.9838847517967224
183,Left Shoulder,1362.1387481689453,387.6346707344055,0.9998969435691833
183,Right Shoulder,1257.121353149414,455.9210193157196,0.9974321722984314
183,Left Elbow,1436.5698623657227,350.3223645687103,0.7494382858276367
183,Right Elbow,1241.2836456298828,514.9555814266205,0.09515753388404846
183,Left Wrist,1341.0528945922852,430.10364174842834,0.4397033751010895
183,Right Wrist,1219.8719787597656,491.265732049942,0.20637783408164978
183,Left Hip,1414.1987228393555,582.7779936790466,0.9999758005142212
183,Right Hip,1343.3330154418945,628.1932854652405,0.9999284744262695
183,Left Knee,1216.3710021972656,526.249440908432,0.9928877353668213
183,Right Knee,1140.486831665039,580.2648067474365,0.6715773940086365
183,Left Ankle,1375.4656219482422,743.6350893974304,0.9780403971672058
183,Right Ankle,1306.5470123291016,757.9273152351379,0.6269334554672241
184,Nose,1280.332374572754,395.1330006122589,0.9724223017692566
184,Left Eye,1295.3374099731445,390.35301446914673,0.9859787225723267
184,Right Eye,1299.2198181152344,388.5775101184845,0.9829241633415222
184,Left Ear,1303.1934356689453,384.04735565185547,0.9854867458343506
184,Right Ear,1273.2740020751953,393.69020819664,0.9852510094642639
184,Left Shoulder,1365.5596160888672,375.58008313179016,0.9998970627784729
184,Right Shoulder,1257.2985076904297,455.46223282814026,0.9975903630256653
184,Left Elbow,1437.9277038574219,354.9768877029419,0.7641076445579529
184,Right Elbow,1242.7587890625,519.3791663646698,0.09707732498645782
184,Left Wrist,1340.8146286010742,431.19054794311523,0.46178147196769714
184,Right Wrist,1218.2017135620117,500.9479808807373,0.21908612549304962
184,Left Hip,1418.338851928711,575.4629015922546,0.9999761581420898
184,Right Hip,1343.400650024414,624.82741355896,0.9999315142631531
184,Left Knee,1227.3091506958008,511.2612462043762,0.9930279850959778
184,Right Knee,1142.6759719848633,577.58225440979,0.6811245679855347
184,Left Ankle,1374.8269271850586,739.7949814796448,0.9782747030258179
184,Right Ankle,1305.538558959961,756.8760395050049,0.6312884092330933
185,Nose,1277.1229934692383,394.87637758255005,0.9747183322906494
185,Left Eye,1295.1587677001953,389.8780059814453,0.9871172904968262
185,Right Eye,1299.1890335083008,388.0029809474945,0.9843441843986511
185,Left Ear,1303.1558990478516,383.7488901615143,0.9866513013839722
185,Right Ear,1269.8136520385742,393.4170091152191,0.9864932298660278
185,Left Shoulder,1365.819969177246,383.4099340438843,0.999900221824646
185,Right Shoulder,1256.7366027832031,457.71068572998047,0.9977540969848633
185,Left Elbow,1437.9658126831055,355.10125637054443,0.7790555357933044
185,Right Elbow,1241.9630813598633,523.3752501010895,0.10003910958766937
185,Left Wrist,1342.9640579223633,431.2913239002228,0.485040545463562
185,Right Wrist,1212.0168685913086,508.59150409698486,0.23743386566638947
185,Left Hip,1418.3410263061523,575.8054304122925,0.999976396560669
185,Right Hip,1343.5344314575195,625.3820514678955,0.999934196472168
185,Left Knee,1232.508659362793,512.0387434959412,0.9931038618087769
185,Right Knee,1143.5499572753906,577.1193480491638,0.6884867548942566
185,Left Ankle,1375.0611877441406,739.2501926422119,0.9784848093986511
185,Right Ankle,1304.801902770996,757.8603029251099,0.6348780989646912
186,Nose,1272.4683380126953,391.40216588974,0.9756087064743042
186,Left Eye,1288.099136352539,388.3065640926361,0.9874536395072937
186,Right Eye,1292.0680618286133,386.3845467567444,0.984850287437439
186,Left Ear,1296.020736694336,383.121896982193,0.9869527816772461
186,Right Ear,1263.526954650879,390.6190359592438,0.9870160818099976
186,Left Shoulder,1365.9681701660156,374.00152802467346,0.9998978972434998
186,Right Shoulder,1254.6044540405273,456.92787766456604,0.9978697299957275
186,Left Elbow,1437.7321243286133,355.52019596099854,0.782904326915741
186,Right Elbow,1240.535659790039,524.2075288295746,0.09850095957517624
186,Left Wrist,1341.9345474243164,434.2735970020294,0.48519450426101685
186,Right Wrist,1206.606216430664,513.4281063079834,0.24591517448425293
186,Left Hip,1418.5552597045898,576.0694885253906,0.9999759197235107
186,Right Hip,1343.4055709838867,623.2199549674988,0.9999350309371948
186,Left Knee,1232.6172637939453,510.7937693595886,0.9929214119911194
186,Right Knee,1142.533836364746,577.0532369613647,0.6885713934898376
186,Left Ankle,1375.0579833984375,739.299566745758,0.9784025549888611
186,Right Ankle,1301.850700378418,757.3726773262024,0.6344348192214966
187,Nose,1269.7406387329102,390.52231550216675,0.9766812324523926
187,Left Eye,1287.191276550293,387.75675415992737,0.9879500269889832
187,Right Eye,1291.2177658081055,385.78211188316345,0.9855042695999146
187,Left Ear,1295.2758407592773,383.01149725914,0.9874255657196045
187,Right Ear,1260.3796005249023,390.0172770023346,0.9876473546028137
187,Left Shoulder,1366.4323425292969,369.7757935523987,0.9998968839645386
187,Right Shoulder,1253.254165649414,456.203134059906,0.9979687333106995
187,Left Elbow,1437.9203796386719,355.9523642063141,0.7882987856864929
187,Right Elbow,1241.0644912719727,524.5246624946594,0.098899245262146
187,Left Wrist,1341.3505554199219,434.3002474308014,0.49026376008987427
187,Right Wrist,1209.2016220092773,511.36762261390686,0.2547760307788849
187,Left Hip,1419.8121643066406,576.2645387649536,0.9999746084213257
187,Right Hip,1343.3722686767578,622.4942135810852,0.999933660030365
187,Left Knee,1230.8251190185547,504.3060314655304,0.9928094148635864
187,Right Knee,1139.823875427246,576.9283533096313,0.691582441329956
187,Left Ankle,1374.949951171875,739.296669960022,0.9782466888427734
187,Right Ankle,1300.733528137207,757.2496604919434,0.6322744488716125
188,Nose,1270.045051574707,390.3922498226166,0.978104829788208
188,Left Eye,1287.315444946289,385.87149381637573,0.9886944890022278
188,Right Eye,1291.383934020996,383.87000799179077,0.9864299297332764
188,Left Ear,1295.519142150879,380.13598680496216,0.9881719350814819
188,Right Ear,1260.8702087402344,389.925674200058,0.988473653793335
188,Left Shoulder,1368.0564880371094,369.38105821609497,0.9998926520347595
188,Right Shoulder,1252.4658966064453,456.9147777557373,0.9980376362800598
188,Left Elbow,1440.4446029663086,355.9193730354309,0.7967946529388428
188,Right Elbow,1240.525245666504,524.667956829071,0.10188412666320801
188,Left Wrist,1342.3212432861328,432.4461758136749,0.5003623366355896
188,Right Wrist,1212.7797317504883,510.37869215011597,0.26238322257995605
188,Left Hip,1420.839958190918,575.8208799362183,0.9999731779098511
188,Right Hip,1343.3650588989258,621.7092490196228,0.999932050704956
188,Left Knee,1229.7093200683594,502.1995210647583,0.9928401708602905
188,Right Knee,1138.1988143920898,577.4675416946411,0.6966075301170349
188,Left Ankle,1374.9421691894531,738.939528465271,0.9780715703964233
188,Right Ankle,1303.0910110473633,757.0053005218506,0.630638837814331
189,Nose,1266.9741439819336,390.86825609207153,0.9790710806846619
189,Left Eye,1276.9495010375977,385.85456371307373,0.9893177151679993
189,Right Eye,1287.8331756591797,383.8669502735138,0.9871964454650879
189,Left Ear,1292.1914291381836,380.49084305763245,0.98879075050354
189,Right Ear,1257.198371887207,391.2240779399872,0.9891507625579834
189,Left Shoulder,1367.783203125,383.10561060905457,0.999887228012085
189,Right Shoulder,1249.8041152954102,461.64249300956726,0.998097836971283
189,Left Elbow,1440.421257019043,355.7784605026245,0.8048325777053833
189,Right Elbow,1231.838264465332,526.90070271492,0.10558249056339264
189,Left Wrist,1343.4180450439453,429.69133257865906,0.5115182399749756
189,Right Wrist,1216.1117935180664,509.7456157207489,0.27438297867774963
189,Left Hip,1418.862190246582,575.8446979522705,0.9999719858169556
189,Right Hip,1338.592872619629,621.8730139732361,0.9999315738677979
189,Left Knee,1235.6373596191406,498.3375906944275,0.9926123023033142
189,Right Knee,1138.7736511230469,577.6048493385315,0.7051544189453125
189,Left Ankle,1374.905776977539,738.2901334762573,0.9774602055549622
189,Right Ankle,1309.0399932861328,756.2684226036072,0.6366716027259827
190,Nose,1264.1845321655273,390.22871017456055,0.9798672199249268
190,Left Eye,1272.7085494995117,383.67621302604675,0.9898822903633118
190,Right Eye,1285.015983581543,380.5110239982605,0.9878875017166138
190,Left Ear,1291.864356994629,377.7172350883484,0.9893600344657898
190,Right Ear,1253.8644790649414,391.04711651802063,0.9897562861442566
190,Left Shoulder,1367.0402526855469,377.80378460884094,0.9998832941055298
190,Right Shoulder,1245.8620834350586,462.0448565483093,0.998137354850769
190,Left Elbow,1440.2990341186523,355.67272782325745,0.8089458346366882
190,Right Elbow,1230.8663177490234,529.825941324234,0.10889650881290436
190,Left Wrist,1343.7333297729492,430.41327595710754,0.5189958214759827
190,Right Wrist,1216.2189102172852,508.77474188804626,0.291315495967865
190,Left Hip,1418.2673263549805,575.9581875801086,0.9999703764915466
190,Right Hip,1336.2153625488281,622.4978828430176,0.9999299645423889
190,Left Knee,1245.1469421386719,488.5547912120819,0.9923720359802246
190,Right Knee,1136.762924194336,576.2187695503235,0.7149689793586731
190,Left Ankle,1374.9928665161133,736.8139958381653,0.9768757224082947
190,Right Ankle,1311.4275741577148,756.1803603172302,0.6427046656608582
191,Nose,1263.0268478393555,390.1420319080353,0.9804556965827942
191,Left Eye,1271.0283279418945,382.2349977493286,0.9902569055557251
191,Right Eye,1283.7007141113281,378.23434352874756,0.9883569478988647
191,Left Ear,1291.4307403564453,375.64509987831116,0.9897446632385254
191,Right Ear,1252.3284530639648,391.0382330417633,0.9901961088180542
191,Left Shoulder,1366.575050354004,373.4144139289856,0.9998770356178284
191,Right Shoulder,1245.3419494628906,461.3529431819916,0.9981381297111511
191,Left Elbow,1440.2315139770508,355.65354466438293,0.8150935173034668
191,Right Elbow,1232.266616821289,529.4911372661591,0.11014698445796967
191,Left Wrist,1341.5979766845703,434.76669430732727,0.5286614298820496
191,Right Wrist,1217.0456314086914,508.326416015625,0.2981210947036743
191,Left Hip,1417.9203414916992,576.0299634933472,0.999967634677887
191,Right Hip,1335.1087188720703,623.0454397201538,0.9999271631240845
191,Left Knee,1249.4599914550781,488.93134117126465,0.9923225045204163
191,Right Knee,1136.2239074707031,577.3593950271606,0.7269606590270996
191,Left Ankle,1375.037956237793,734.8696732521057,0.976212739944458
191,Right Ankle,1312.0616912841797,756.0333967208862,0.6484754085540771
192,Nose,1263.2550430297852,390.64221024513245,0.9811174869537354
192,Left Eye,1272.2330474853516,382.247679233551,0.9905884265899658
192,Right Eye,1284.1872024536133,378.29890966415405,0.9887876510620117
192,Left Ear,1291.5321350097656,375.7548236846924,0.9900700449943542
192,Right Ear,1252.950553894043,391.4074766635895,0.9905996918678284
192,Left Shoulder,1366.2986755371094,372.3556709289551,0.9998733401298523
192,Right Shoulder,1245.9934616088867,460.9233498573303,0.9981563091278076
192,Left Elbow,1440.1658248901367,356.0779881477356,0.8184386491775513
192,Right Elbow,1233.1264114379883,528.844188451767,0.110125832259655
192,Left Wrist,1341.0127258300781,440.17792224884033,0.5329322814941406
192,Right Wrist,1217.262954711914,509.7489631175995,0.29741787910461426
192,Left Hip,1417.8411483764648,575.6817054748535,0.9999657869338989
192,Right Hip,1335.849266052246,623.044216632843,0.999924898147583
192,Left Knee,1243.4091567993164,490.27763843536377,0.99234539270401
192,Right Knee,1136.111068725586,578.3277583122253,0.7334336638450623
192,Left Ankle,1375.4834747314453,731.9669651985168,0.976186215877533
192,Right Ankle,1311.7918395996094,755.8148503303528,0.6506285071372986
193,Nose,1263.581428527832,391.7845094203949,0.9819937348365784
193,Left Eye,1273.355712890625,382.62696504592896,0.9910866022109985
193,Right Eye,1284.6088027954102,378.94218921661377,0.9894263744354248
193,Left Ear,1291.570930480957,376.76496505737305,0.9906041026115417
193,Right Ear,1253.6344528198242,392.2496688365936,0.9911090135574341
193,Left Shoulder,1363.9973831176758,386.0828626155853,0.9998716711997986
193,Right Shoulder,1244.329605102539,461.7260813713074,0.998175323009491
193,Left Elbow,1440.0850296020508,356.04644536972046,0.8258042335510254
193,Right Elbow,1233.1252670288086,527.4111485481262,0.11545415222644806
193,Left Wrist,1340.2641677856445,436.4202117919922,0.5450461506843567
193,Right Wrist,1223.9628982543945,502.550128698349,0.30861684679985046
193,Left Hip,1416.0248565673828,578.2724618911743,0.9999646544456482
193,Right Hip,1335.4814529418945,626.6533541679382,0.9999237060546875
193,Left Knee,1241.575813293457,491.7486262321472,0.9920636415481567
193,Right Knee,1136.0219192504883,579.0765452384949,0.7393757700920105
193,Left Ankle,1375.268898010254,730.8865928649902,0.9754476547241211
193,Right Ankle,1313.5090255737305,755.0380611419678,0.651218056678772
194,Nose,1263.8871002197266,391.6718888282776,0.9811996817588806
194,Left Eye,1274.0998077392578,381.21883749961853,0.9905406832695007
194,Right Eye,1284.411964416504,377.6122748851776,0.9889035224914551
194,Left Ear,1291.5887832641602,375.33807277679443,0.990092933177948
194,Right Ear,1253.829231262207,392.2192847728729,0.9906588196754456
194,Left Shoulder,1364.0191268920898,374.89505767822266,0.9998666644096375
194,Right Shoulder,1244.8016738891602,460.4433524608612,0.9980800151824951
194,Left Elbow,1440.0299835205078,356.0320580005646,0.8259934186935425
194,Right Elbow,1236.7144775390625,528.0006766319275,0.1129283681511879
194,Left Wrist,1337.0860290527344,441.0587704181671,0.5396413803100586
194,Right Wrist,1221.665153503418,510.05486369132996,0.3030422627925873
194,Left Hip,1417.397117614746,577.7343034744263,0.9999614953994751
194,Right Hip,1338.391227722168,627.1125268936157,0.9999155402183533
194,Left Knee,1239.9191665649414,492.8979420661926,0.9920668601989746
194,Right Knee,1136.055564880371,579.9916076660156,0.7420154213905334
194,Left Ankle,1376.9400787353516,730.5737400054932,0.9752718806266785
194,Right Ankle,1312.0026397705078,754.9550199508667,0.6479189395904541
195,Nose,1264.244155883789,391.5902316570282,0.981408953666687
195,Left Eye,1274.7150421142578,380.48752784729004,0.9906604886054993
195,Right Eye,1284.5476913452148,377.0321452617645,0.9891006946563721
195,Left Ear,1291.7342376708984,374.7864282131195,0.9902611970901489
195,Right Ear,1254.0253829956055,391.76020860671997,0.9908134937286377
195,Left Shoulder,1363.839225769043,373.56504678726196,0.9998616576194763
195,Right Shoulder,1244.8174667358398,460.26249647140503,0.9980155825614929
195,Left Elbow,1440.0123596191406,355.82178354263306,0.8307080268859863
195,Right Elbow,1236.7742156982422,527.9362714290619,0.11368387937545776
195,Left Wrist,1335.6194686889648,440.74955463409424,0.5457452535629272
195,Right Wrist,1218.4252166748047,510.00964164733887,0.30441999435424805
195,Left Hip,1417.3523712158203,577.0305132865906,0.9999585747718811
195,Right Hip,1338.4546279907227,625.4526686668396,0.9999104142189026
195,Left Knee,1238.76708984375,493.7368834018707,0.9916093945503235
195,Right Knee,1137.8529739379883,580.2602362632751,0.7409351468086243
195,Left Ankle,1376.846809387207,730.2894043922424,0.973918080329895
195,Right Ankle,1313.184585571289,754.6974635124207,0.6415597200393677
196,Nose,1264.43115234375,389.47580337524414,0.9805303812026978
196,Left Eye,1274.9921035766602,378.7978971004486,0.9902042150497437
196,Right Eye,1284.2959213256836,375.56740164756775,0.9886537790298462
196,Left Ear,1291.5329360961914,373.41541171073914,0.9898901581764221
196,Right Ear,1254.287109375,391.0162818431854,0.9903799891471863
196,Left Shoulder,1362.832260131836,374.7366678714752,0.9998533725738525
196,Right Shoulder,1245.0664901733398,457.05713868141174,0.997869610786438
196,Left Elbow,1438.0656051635742,355.9113907814026,0.8277994394302368
196,Right Elbow,1237.7569198608398,526.6500341892242,0.11072776466608047
196,Left Wrist,1332.2101593017578,440.51713585853577,0.5376994609832764
196,Right Wrist,1218.9928436279297,508.2304358482361,0.2957856357097626
196,Left Hip,1417.6265716552734,576.8239402770996,0.9999551177024841
196,Right Hip,1338.819808959961,624.2459321022034,0.9999022483825684
196,Left Knee,1238.3580780029297,491.66680812835693,0.9911831617355347
196,Right Knee,1137.821388244629,580.7463812828064,0.7380886077880859
196,Left Ankle,1376.8309020996094,730.3380703926086,0.972510039806366
196,Right Ankle,1311.5724563598633,754.5860981941223,0.6330384016036987
197,Nose,1264.4722366333008,388.4514355659485,0.9793559312820435
197,Left Eye,1275.0663757324219,377.7255713939667,0.9895883798599243
197,Right Eye,1283.9460754394531,374.57634687423706,0.988006591796875
197,Left Ear,1291.1872100830078,372.4146044254303,0.9893319606781006
197,Right Ear,1254.4303894042969,389.65598344802856,0.9898444414138794
197,Left Shoulder,1362.495231628418,374.94588017463684,0.9998418092727661
197,Right Shoulder,1245.194206237793,454.7148621082306,0.9977216124534607
197,Left Elbow,1436.2711715698242,356.29383087158203,0.8255590200424194
197,Right Elbow,1237.9662322998047,525.1153492927551,0.10735675692558289
197,Left Wrist,1327.7952575683594,439.9555778503418,0.5303813815116882
197,Right Wrist,1219.9753189086914,502.80250310897827,0.286358505487442
197,Left Hip,1417.8672409057617,574.6602988243103,0.9999516606330872
197,Right Hip,1338.848991394043,623.2432579994202,0.9998947978019714
197,Left Knee,1238.8006210327148,485.52645921707153,0.9911104440689087
197,Right Knee,1137.1751403808594,579.1326141357422,0.7409231066703796
197,Left Ankle,1377.2393417358398,728.7027382850647,0.97199946641922
197,Right Ankle,1307.0454025268555,753.918035030365,0.6299335360527039
198,Nose,1264.522705078125,386.8965697288513,0.9758404493331909
198,Left Eye,1275.194435119629,376.02396726608276,0.9875721335411072
198,Right Eye,1283.8023376464844,372.95395374298096,0.9857752323150635
198,Left Ear,1290.9868240356445,370.7949471473694,0.9874446392059326
198,Right Ear,1254.546890258789,388.72148036956787,0.9880826473236084
198,Left Shoulder,1362.5514221191406,374.0380275249481,0.9998273849487305
198,Right Shoulder,1246.4628982543945,451.6632914543152,0.9974933862686157
198,Left Elbow,1435.718879699707,356.44484996795654,0.8170139193534851
198,Right Elbow,1240.679054260254,525.0784313678741,0.10217735916376114
198,Left Wrist,1324.4244003295898,441.1688804626465,0.5142500996589661
198,Right Wrist,1219.2057037353516,503.72706055641174,0.2728143036365509
198,Left Hip,1419.1942977905273,571.7048048973083,0.9999470710754395
198,Right Hip,1339.2878723144531,622.423210144043,0.9998832941055298
198,Left Knee,1240.0429916381836,484.4938838481903,0.9909054636955261
198,Right Knee,1137.0306015014648,578.1847214698792,0.7387422323226929
198,Left Ankle,1378.457908630371,728.4998989105225,0.9712169766426086
198,Right Ankle,1305.3931045532227,753.468325138092,0.6213999390602112
199,Nose,1264.5975494384766,384.80238676071167,0.974027156829834
199,Left Eye,1275.2252197265625,374.1199743747711,0.9866911172866821
199,Right Eye,1283.8413619995117,371.0341250896454,0.9847625494003296
199,Left Ear,1292.6350021362305,368.05880427360535,0.9865553975105286
199,Right Ear,1254.6303176879883,386.3603103160858,0.987343430519104
199,Left Shoulder,1362.791748046875,373.8748097419739,0.999816358089447
199,Right Shoulder,1246.4848709106445,451.1330831050873,0.9973719120025635
199,Left Elbow,1435.7315826416016,356.44031167030334,0.8139531016349792
199,Right Elbow,1240.6315612792969,525.040773153305,0.09875716269016266
199,Left Wrist,1323.8984298706055,440.9508812427521,0.5075646042823792
199,Right Wrist,1218.8838958740234,504.2609703540802,0.2657202184200287
199,Left Hip,1419.3153762817383,568.6026692390442,0.9999426603317261
199,Right Hip,1339.310073852539,621.3892507553101,0.999873697757721
199,Left Knee,1242.3755264282227,480.87982177734375,0.9908646941184998
199,Right Knee,1136.806526184082,577.4829268455505,0.7425866723060608
199,Left Ankle,1380.381202697754,726.949667930603,0.9703263640403748
199,Right Ankle,1304.4676208496094,752.4702858924866,0.6156278252601624
200,Nose,1264.6467590332031,384.97400522232056,0.9742410182952881
200,Left Eye,1275.3244400024414,374.2916250228882,0.9867193102836609
200,Right Eye,1283.9006423950195,371.2344217300415,0.9848394393920898
200,Left Ear,1292.5828170776367,368.22842717170715,0.9865930676460266
200,Right Ear,1254.678611755371,386.91237330436707,0.9874169826507568
200,Left Shoulder,1362.8178405761719,369.56297636032104,0.9998156428337097
200,Right Shoulder,1246.2866592407227,451.78260684013367,0.9973780512809753
200,Left Elbow,1435.5913925170898,356.6270577907562,0.816758394241333
200,Right Elbow,1240.6259536743164,526.09095454216,0.10007807612419128
200,Left Wrist,1323.3502578735352,436.78298592567444,0.5096814632415771
200,Right Wrist,1219.7649765014648,505.5574107170105,0.267991304397583
200,Left Hip,1418.8572692871094,568.9839506149292,0.9999422430992126
200,Right Hip,1339.3302154541016,620.5755114555359,0.9998731017112732
200,Left Knee,1241.8458938598633,482.43539571762085,0.9909412860870361
200,Right Knee,1136.5991592407227,577.291738986969,0.7461045980453491
200,Left Ankle,1380.0315856933594,726.4091277122498,0.9703316688537598
200,Right Ankle,1304.4805526733398,752.0086669921875,0.6151100993156433
201,Nose,1263.8172912597656,385.70634484291077,0.9759297966957092
201,Left Eye,1274.4447326660156,375.1978039741516,0.9877045750617981
201,Right Eye,1283.1982040405273,372.0407259464264,0.9859647154808044
201,Left Ear,1291.805305480957,369.1507959365845,0.9875627160072327
201,Right Ear,1253.577003479004,387.9725646972656,0.9883381724357605
201,Left Shoulder,1362.4393844604492,369.59213733673096,0.9998211860656738
201,Right Shoulder,1240.7603073120117,459.91443157196045,0.9975219964981079
201,Left Elbow,1436.213264465332,356.6331088542938,0.8219717741012573
201,Right Elbow,1231.9084167480469,535.363050699234,0.11067204922437668
201,Left Wrist,1323.7483978271484,433.6512064933777,0.5286182165145874
201,Right Wrist,1215.0202560424805,510.46382546424866,0.2992883026599884
201,Left Hip,1417.4648666381836,569.2536735534668,0.9999427795410156
201,Right Hip,1335.3007507324219,620.595531463623,0.9998766779899597
201,Left Knee,1258.9145278930664,473.3540689945221,0.9911264777183533
201,Right Knee,1136.0832595825195,577.2784781455994,0.7607941627502441
201,Left Ankle,1381.1290740966797,722.7284717559814,0.970912516117096
201,Right Ankle,1305.5866241455078,749.9704885482788,0.6294892430305481
202,Nose,1264.2366027832031,389.2188262939453,0.9765525460243225
202,Left Eye,1274.988670349121,379.5486795902252,0.9880402088165283
202,Right Eye,1283.7357330322266,376.77735686302185,0.9864456653594971
202,Left Ear,1292.1558380126953,374.5369505882263,0.9878978133201599
202,Right Ear,1253.9603805541992,390.6705343723297,0.9886671900749207
202,Left Shoulder,1361.382179260254,370.17545342445374,0.9998273849487305
202,Right Shoulder,1239.8529052734375,464.5296549797058,0.997575044631958
202,Left Elbow,1436.7710494995117,356.1795687675476,0.8286515474319458
202,Right Elbow,1232.500877380371,538.1028306484222,0.11563710868358612
202,Left Wrist,1326.6719055175781,432.85265922546387,0.5407715439796448
202,Right Wrist,1215.3412628173828,512.2680723667145,0.31210142374038696
202,Left Hip,1414.9567794799805,572.2779178619385,0.9999418258666992
202,Right Hip,1333.9432525634766,621.0467863082886,0.9998753070831299
202,Left Knee,1256.1297225952148,475.216863155365,0.9913750290870667
202,Right Knee,1135.3870010375977,577.4478435516357,0.7686436176300049
202,Left Ankle,1384.0335845947266,733.5937356948853,0.9717085361480713
202,Right Ankle,1305.4352188110352,751.1228942871094,0.6365862488746643
203,Nose,1271.557731628418,390.76554894447327,0.9775699973106384
203,Left Eye,1279.1972351074219,381.2838864326477,0.9886054396629333
203,Right Eye,1287.1863555908203,378.72933983802795,0.9871272444725037
203,Left Ear,1297.0334243774414,376.0533535480499,0.9884639382362366
203,Right Ear,1258.410301208496,391.3993012905121,0.9892320036888123
203,Left Shoulder,1361.4006042480469,377.3880958557129,0.9998336434364319
203,Right Shoulder,1241.1457443237305,464.9880874156952,0.9976455569267273
203,Left Elbow,1438.4934997558594,356.248254776001,0.8362419605255127
203,Right Elbow,1232.475242614746,537.4970805644989,0.11925383657217026
203,Left Wrist,1328.8635635375977,426.52517795562744,0.5595787167549133
203,Right Wrist,1218.4086227416992,512.2262620925903,0.323428750038147
203,Left Hip,1414.9378967285156,572.2298955917358,0.999940037727356
203,Right Hip,1333.0945587158203,621.0510993003845,0.9998725056648254
203,Left Knee,1253.2862091064453,468.12559604644775,0.9916566610336304
203,Right Knee,1134.4196319580078,576.3007164001465,0.7784193158149719
203,Left Ankle,1383.8077926635742,723.7628173828125,0.9723981022834778
203,Right Ankle,1302.9618072509766,751.1519908905029,0.644422709941864
204,Nose,1276.417121887207,396.05488657951355,0.9782133102416992
204,Left Eye,1282.0025253295898,385.2815794944763,0.9889261722564697
204,Right Eye,1289.5290756225586,382.9283595085144,0.987554132938385
204,Left Ear,1299.7286224365234,379.92194652557373,0.9888104796409607
204,Right Ear,1261.3453674316406,394.5571517944336,0.9895591139793396
204,Left Shoulder,1361.4214324951172,394.66970801353455,0.9998378753662109
204,Right Shoulder,1241.2510299682617,467.897264957428,0.9976868629455566
204,Left Elbow,1438.9215087890625,357.106990814209,0.8430308103561401
204,Right Elbow,1225.7707214355469,537.264050245285,0.12705299258232117
204,Left Wrist,1331.249885559082,423.3743441104889,0.5703915357589722
204,Right Wrist,1220.5237197875977,495.76579213142395,0.3303031027317047
204,Left Hip,1414.694938659668,578.309154510498,0.9999367594718933
204,Right Hip,1333.3135986328125,625.8058834075928,0.9998675584793091
204,Left Knee,1252.2164154052734,470.8803105354309,0.9915275573730469
204,Right Knee,1134.5558166503906,576.7023396492004,0.7848767042160034
204,Left Ankle,1383.2829666137695,722.550094127655,0.9718510508537292
204,Right Ankle,1302.1669006347656,754.4364309310913,0.6464055180549622
205,Nose,1274.5214080810547,396.8694305419922,0.9790689945220947
205,Left Eye,1281.9550323486328,387.5246572494507,0.9893634915351868
205,Right Eye,1289.3393325805664,385.39616346359253,0.9881131052970886
205,Left Ear,1298.4654235839844,383.3037829399109,0.9892542362213135
205,Right Ear,1261.190185546875,396.05157136917114,0.9899911880493164
205,Left Shoulder,1358.8681411743164,397.5486946105957,0.9998441934585571
205,Right Shoulder,1241.0749053955078,467.65174627304077,0.9977627992630005
205,Left Elbow,1439.538803100586,357.62712478637695,0.8486475944519043
205,Right Elbow,1228.7461853027344,536.9194936752319,0.1296454817056656
205,Left Wrist,1331.7926788330078,424.1270899772644,0.5815434455871582
205,Right Wrist,1220.7999801635742,497.05119252204895,0.33544379472732544
205,Left Hip,1412.5703430175781,580.2500653266907,0.9999356269836426
205,Right Hip,1333.4712982177734,627.7847099304199,0.9998677372932434
205,Left Knee,1251.5280532836914,472.46575355529785,0.991584300994873
205,Right Knee,1134.0087890625,578.6335301399231,0.7915667295455933
205,Left Ankle,1382.40966796875,722.7170133590698,0.9720697402954102
205,Right Ankle,1300.0429916381836,761.8540692329407,0.651125431060791
206,Nose,1266.9784927368164,398.1286311149597,0.9801496267318726
206,Left Eye,1272.8668212890625,389.61349725723267,0.9897791147232056
206,Right Eye,1279.6384048461914,387.3926603794098,0.988640308380127
206,Left Ear,1287.7855682373047,392.87331461906433,0.98964524269104
206,Right Ear,1252.7007293701172,398.51000905036926,0.9904444813728333
206,Left Shoulder,1358.397216796875,398.08682084083557,0.9998496174812317
206,Right Shoulder,1239.345932006836,468.9683997631073,0.9978893995285034
206,Left Elbow,1439.5629501342773,357.91651368141174,0.8570532202720642
206,Right Elbow,1226.1722946166992,546.3577365875244,0.138399139046669
206,Left Wrist,1331.9921493530273,426.36276483535767,0.6017842888832092
206,Right Wrist,1193.4360122680664,522.8739130496979,0.359978049993515
206,Left Hip,1412.1393585205078,581.8081498146057,0.9999324083328247
206,Right Hip,1333.5804748535156,628.4008884429932,0.99986732006073
206,Left Knee,1251.6260147094727,480.14065861701965,0.9915803074836731
206,Right Knee,1133.7938690185547,579.3961572647095,0.7986072301864624
206,Left Ankle,1385.4606628417969,733.0638813972473,0.9724545478820801
206,Right Ankle,1298.1310272216797,764.1160082817078,0.658295214176178
207,Nose,1255.126075744629,397.98527240753174,0.9802520871162415
207,Left Eye,1263.2862854003906,389.1175353527069,0.9897153377532959
207,Right Eye,1270.4150390625,386.88849091529846,0.98868328332901
207,Left Ear,1277.5201034545898,392.12050437927246,0.989617109298706
207,Right Ear,1245.0164794921875,398.1774580478668,0.9904012084007263
207,Left Shoulder,1357.712173461914,395.61734318733215,0.9998520016670227
207,Right Shoulder,1238.642807006836,470.5375564098358,0.9978973269462585
207,Left Elbow,1439.5323944091797,356.26811385154724,0.8646759986877441
207,Right Elbow,1226.6173553466797,550.1549077033997,0.1387217789888382
207,Left Wrist,1330.8314895629883,424.64303970336914,0.6142244935035706
207,Right Wrist,1195.5966567993164,522.9581773281097,0.37040820717811584
207,Left Hip,1412.1371841430664,581.7301940917969,0.9999287724494934
207,Right Hip,1333.5819625854492,628.5327887535095,0.9998624324798584
207,Left Knee,1252.309341430664,484.6032214164734,0.9910752773284912
207,Right Knee,1134.0039825439453,579.3774247169495,0.8001659512519836
207,Left Ankle,1384.8439407348633,732.8967690467834,0.9711928367614746
207,Right Ankle,1299.0576553344727,764.3797445297241,0.6552552580833435
208,Nose,1256.6841888427734,398.14401626586914,0.9814386367797852
208,Left Eye,1265.233268737793,388.7312972545624,0.9903327226638794
208,Right Eye,1272.4457931518555,386.42104625701904,0.9893788695335388
208,Left Ear,1279.8067474365234,391.65637493133545,0.9902310967445374
208,Right Ear,1246.161003112793,397.93882727622986,0.9909912347793579
208,Left Shoulder,1357.7836990356445,394.0409767627716,0.9998580813407898
208,Right Shoulder,1238.800392150879,470.13097643852234,0.9979681968688965
208,Left Elbow,1439.4315719604492,355.5532193183899,0.8730266690254211
208,Right Elbow,1227.2047805786133,548.0051064491272,0.14777256548404694
208,Left Wrist,1328.2776260375977,420.9760308265686,0.6350475549697876
208,Right Wrist,1198.622932434082,519.0795421600342,0.3904796540737152
208,Left Hip,1412.0354461669922,580.4943609237671,0.9999261498451233
208,Right Hip,1341.3989639282227,624.6792912483215,0.9998589754104614
208,Left Knee,1251.800880432129,484.50563192367554,0.9907360672950745
208,Right Knee,1134.1973876953125,579.2420482635498,0.8023673892021179
208,Left Ankle,1374.0760803222656,732.4301290512085,0.9695202708244324
208,Right Ankle,1297.6932907104492,765.575795173645,0.6460767984390259
209,Nose,1257.1734237670898,398.0580461025238,0.9828066825866699
209,Left Eye,1265.5939865112305,388.45681071281433,0.9910243153572083
209,Right Eye,1273.1201934814453,386.11022114753723,0.9901611804962158
209,Left Ear,1280.6675720214844,391.388840675354,0.9909254908561707
209,Right Ear,1246.9204330444336,397.828813791275,0.9916498064994812
209,Left Shoulder,1356.577262878418,393.39850187301636,0.9998668432235718
209,Right Shoulder,1238.6523056030273,470.6126797199249,0.9980473518371582
209,Left Elbow,1438.5856246948242,355.1418435573578,0.8828068971633911
209,Right Elbow,1225.8552932739258,547.0829629898071,0.16185876727104187
209,Left Wrist,1328.0609893798828,420.1114046573639,0.6596914529800415
209,Right Wrist,1199.0907669067383,516.0147106647491,0.41322487592697144
209,Left Hip,1408.879623413086,579.573118686676,0.9999232888221741
209,Right Hip,1335.3107070922852,623.5641574859619,0.9998538494110107
209,Left Knee,1247.2059631347656,486.3586091995239,0.9905279874801636
209,Right Knee,1133.5467910766602,579.7429990768433,0.8025577068328857
209,Left Ankle,1366.9101333618164,732.2005105018616,0.9681268930435181
209,Right Ankle,1295.7080841064453,767.7173566818237,0.6364398002624512
210,Nose,1257.83935546875,399.4993579387665,0.9841089844703674
210,Left Eye,1266.3773345947266,388.8266336917877,0.9917072653770447
210,Right Eye,1273.923110961914,386.2942957878113,0.9909101724624634
210,Left Ear,1281.452980041504,389.7358703613281,0.9915964603424072
210,Right Ear,1247.3871231079102,398.1749153137207,0.9923027753829956
210,Left Shoulder,1355.0873565673828,392.78184056282043,0.9998726844787598
210,Right Shoulder,1240.1012420654297,470.3082597255707,0.9981306791305542
210,Left Elbow,1437.2513580322266,355.0973618030548,0.8897981643676758
210,Right Elbow,1228.1620788574219,546.3031482696533,0.16401508450508118
210,Left Wrist,1325.2941513061523,422.15173959732056,0.6748846769332886
210,Right Wrist,1199.6991348266602,518.9153587818146,0.4188612401485443
210,Left Hip,1408.2275390625,577.2522783279419,0.999923586845398
210,Right Hip,1344.7357177734375,622.1095204353333,0.9998540878295898
210,Left Knee,1241.1196517944336,489.909006357193,0.9906027317047119
210,Right Knee,1135.11474609375,581.0686326026917,0.8012831211090088
210,Left Ankle,1361.813735961914,732.1075558662415,0.9675695300102234
210,Right Ankle,1297.0363998413086,766.9352889060974,0.6259104609489441
211,Nose,1258.2991790771484,404.1075003147125,0.9853146076202393
211,Left Eye,1266.866340637207,392.1293234825134,0.9923391938209534
211,Right Eye,1274.337501525879,389.2197597026825,0.9916082620620728
211,Left Ear,1281.581153869629,389.32188749313354,0.992222249507904
211,Right Ear,1247.6642990112305,401.1635935306549,0.9929049015045166
211,Left Shoulder,1352.713279724121,394.0875828266144,0.9998795390129089
211,Right Shoulder,1241.9766998291016,470.1128554344177,0.9982108473777771
211,Left Elbow,1435.8172988891602,355.10534405708313,0.8970010280609131
211,Right Elbow,1229.952621459961,545.9082841873169,0.16681215167045593
211,Left Wrist,1322.1112060546875,429.0553593635559,0.690862774848938
211,Right Wrist,1200.743064880371,518.1528925895691,0.4216306507587433
211,Left Hip,1406.6719436645508,577.1410417556763,0.9999250769615173
211,Right Hip,1348.6394119262695,621.7887496948242,0.9998560547828674
211,Left Knee,1230.4812240600586,498.2134795188904,0.9909916520118713
211,Right Knee,1135.9562301635742,582.694308757782,0.80169278383255
211,Left Ankle,1362.576026916504,732.0511651039124,0.9684425592422485
211,Right Ankle,1296.6851806640625,767.517671585083,0.6235126852989197
212,Nose,1254.363670349121,407.2760045528412,0.9860458970069885
212,Left Eye,1262.2063064575195,394.5473027229309,0.992721438407898
212,Right Eye,1268.9962005615234,391.90372824668884,0.9920437932014465
212,Left Ear,1275.4047775268555,390.895711183548,0.9925957918167114
212,Right Ear,1244.9408340454102,404.14860248565674,0.9932824969291687
212,Left Shoulder,1347.5151443481445,402.098708152771,0.9998859763145447
212,Right Shoulder,1239.7220993041992,472.6845896244049,0.9982763528823853
212,Left Elbow,1434.9489212036133,354.9890863895416,0.9033910632133484
212,Right Elbow,1229.6906661987305,545.4274821281433,0.16748788952827454
212,Left Wrist,1322.431297302246,430.79716444015503,0.7019684314727783
212,Right Wrist,1200.6563186645508,517.7500462532043,0.42127180099487305
212,Left Hip,1404.1328430175781,581.3644909858704,0.9999256730079651
212,Right Hip,1347.4946594238281,623.5637068748474,0.99985671043396
212,Left Knee,1226.0135650634766,504.11619544029236,0.9911708831787109
212,Right Knee,1134.8236083984375,585.5103063583374,0.7990477085113525
212,Left Ankle,1363.710594177246,732.7271461486816,0.9687806367874146
212,Right Ankle,1295.4936218261719,769.2836809158325,0.6215114593505859
213,Nose,1252.2086334228516,409.1313314437866,0.986485481262207
213,Left Eye,1260.344467163086,395.60572385787964,0.993000864982605
213,Right Eye,1266.775016784668,393.0180895328522,0.9923633933067322
213,Left Ear,1272.718391418457,391.5259873867035,0.9928871393203735
213,Right Ear,1244.0321731567383,406.22923493385315,0.9935528635978699
213,Left Shoulder,1343.169822692871,402.9555130004883,0.9998911023139954
213,Right Shoulder,1239.8207473754883,475.2623426914215,0.9982848763465881
213,Left Elbow,1434.2086029052734,354.387069940567,0.9087913632392883
213,Right Elbow,1234.756851196289,545.1827359199524,0.16722427308559418
213,Left Wrist,1322.7045822143555,430.77897906303406,0.7050523161888123
213,Right Wrist,1204.691047668457,514.6076774597168,0.41039666533470154
213,Left Hip,1402.144660949707,584.2252278327942,0.9999274015426636
213,Right Hip,1348.8051223754883,625.6589841842651,0.9998592138290405
213,Left Knee,1224.0055847167969,507.1335196495056,0.9907154440879822
213,Right Knee,1138.1585311889648,585.9555101394653,0.7892073392868042
213,Left Ankle,1361.6287994384766,731.5867137908936,0.967002809047699
213,Right Ankle,1302.030258178711,768.8817358016968,0.6117632389068604
214,Nose,1249.6959686279297,409.3624949455261,0.9863289594650269
214,Left Eye,1257.553825378418,395.64727663993835,0.9929264187812805
214,Right Eye,1263.698959350586,393.1751275062561,0.9923073053359985
214,Left Ear,1268.4087753295898,400.60760378837585,0.9928440451622009
214,Right Ear,1241.8190002441406,405.91338872909546,0.9934826493263245
214,Left Shoulder,1340.0489044189453,402.2014796733856,0.9998962879180908
214,Right Shoulder,1238.4095764160156,475.1583480834961,0.9982714056968689
214,Left Elbow,1433.0803298950195,353.29362988471985,0.9130910038948059
214,Right Elbow,1237.8206634521484,545.256507396698,0.1645040661096573
214,Left Wrist,1321.0890197753906,431.44601225852966,0.7064643502235413
214,Right Wrist,1204.7989654541016,517.6302480697632,0.3990221619606018
214,Left Hip,1402.3003005981445,584.1457271575928,0.9999293684959412
214,Right Hip,1349.912223815918,625.8636260032654,0.9998612999916077
214,Left Knee,1222.181167602539,509.73039150238037,0.9901211857795715
214,Right Knee,1137.8893661499023,587.3918652534485,0.775780439376831
214,Left Ankle,1361.4567947387695,732.2645616531372,0.9659514427185059
214,Right Ankle,1302.1220397949219,768.7061905860901,0.6010507345199585
215,Nose,1250.522117614746,409.8395311832428,0.9864357113838196
215,Left Eye,1258.1734085083008,396.5222990512848,0.9930999279022217
215,Right Eye,1264.8654556274414,393.2667624950409,0.9924927353858948
215,Left Ear,1269.7917938232422,401.8437910079956,0.9930322766304016
215,Right Ear,1242.5297927856445,406.2660241127014,0.9935903549194336
215,Left Shoulder,1341.6310501098633,401.86416506767273,0.9998980760574341
215,Right Shoulder,1237.9389953613281,474.93468403816223,0.9982563853263855
215,Left Elbow,1432.726936340332,353.25613260269165,0.9165564179420471
215,Right Elbow,1237.1311569213867,544.3921709060669,0.16872650384902954
215,Left Wrist,1321.3810729980469,431.0539484024048,0.7113567590713501
215,Right Wrist,1205.1860046386719,507.5596046447754,0.3942200541496277
215,Left Hip,1402.6478576660156,584.1459846496582,0.9999286532402039
215,Right Hip,1349.7822189331055,625.998809337616,0.9998596906661987
215,Left Knee,1224.0982818603516,494.4656825065613,0.9897414445877075
215,Right Knee,1136.7464447021484,587.1648859977722,0.777854859828949
215,Left Ankle,1362.117576599121,727.5467920303345,0.9655318856239319
215,Right Ankle,1304.1312789916992,768.1547713279724,0.6026567220687866
216,Nose,1250.496826171875,410.83824634552,0.9863588213920593
216,Left Eye,1258.3235549926758,397.3149561882019,0.9931846857070923
216,Right Eye,1264.680061340332,394.4550561904907,0.9926131963729858
216,Left Ear,1269.811134338379,400.0847017765045,0.9931322932243347
216,Right Ear,1242.8401565551758,406.7310869693756,0.9936319589614868
216,Left Shoulder,1339.790267944336,401.39820098876953,0.9999015927314758
216,Right Shoulder,1236.500473022461,474.7089922428131,0.998270571231842
216,Left Elbow,1431.0960388183594,352.4992346763611,0.9189742803573608
216,Right Elbow,1236.9624710083008,542.2047114372253,0.16452524065971375
216,Left Wrist,1320.732307434082,431.735497713089,0.708817183971405
216,Right Wrist,1208.477783203125,507.93522119522095,0.3815580904483795
216,Left Hip,1399.7172546386719,583.9918112754822,0.9999316334724426
216,Right Hip,1349.157371520996,625.4087018966675,0.9998646378517151
216,Left Knee,1223.2464981079102,495.5150270462036,0.9896456003189087
216,Right Knee,1136.744613647461,587.0765018463135,0.7728307843208313
216,Left Ankle,1362.5858688354492,726.7246198654175,0.9657848477363586
216,Right Ankle,1303.6445617675781,768.0622673034668,0.6043543815612793
217,Nose,1248.2929229736328,411.4202105998993,0.9867460131645203
217,Left Eye,1256.2738037109375,397.5643050670624,0.9934519529342651
217,Right Eye,1262.497673034668,394.85233426094055,0.9929103255271912
217,Left Ear,1267.921028137207,399.0611708164215,0.9933954477310181
217,Right Ear,1240.4870223999023,406.9495689868927,0.9938654899597168
217,Left Shoulder,1333.7935638427734,401.42858505249023,0.9999068975448608
217,Right Shoulder,1234.9558639526367,473.962265253067,0.9983113408088684
217,Left Elbow,1428.958511352539,352.28609561920166,0.9227898120880127
217,Right Elbow,1233.753776550293,540.2036762237549,0.1622432917356491
217,Left Wrist,1320.5631637573242,431.1916422843933,0.714346706867218
217,Right Wrist,1208.7586212158203,508.3314371109009,0.3746795952320099
217,Left Hip,1392.8077697753906,583.6212801933289,0.9999346733093262
217,Right Hip,1346.4408874511719,624.3246603012085,0.9998685717582703
217,Left Knee,1216.6789627075195,499.7684097290039,0.9893637895584106
217,Right Knee,1135.3977584838867,586.9020509719849,0.7602120637893677
217,Left Ankle,1357.184944152832,726.8234324455261,0.9648448824882507
217,Right Ankle,1303.6178970336914,767.8503513336182,0.5947287082672119
218,Nose,1248.0456161499023,413.2288670539856,0.9873883128166199
218,Left Eye,1256.1900329589844,399.07317638397217,0.9937933683395386
218,Right Eye,1262.4663162231445,396.4084231853485,0.9932833313941956
218,Left Ear,1268.0536651611328,398.2806158065796,0.9937397837638855
218,Right Ear,1240.2220916748047,408.242050409317,0.9941831827163696
218,Left Shoulder,1330.3805923461914,402.5276255607605,0.9999119639396667
218,Right Shoulder,1234.1040802001953,474.00108218193054,0.9983465671539307
218,Left Elbow,1428.1175994873047,351.8880772590637,0.9271524548530579
218,Right Elbow,1233.6863708496094,540.996687412262,0.1602480411529541
218,Left Wrist,1320.7073593139648,428.08014035224915,0.72286057472229
218,Right Wrist,1208.7249755859375,511.28738164901733,0.36991724371910095
218,Left Hip,1391.0615158081055,584.0559911727905,0.9999364614486694
218,Right Hip,1346.0327911376953,624.5934820175171,0.9998695254325867
218,Left Knee,1215.164909362793,502.3467421531677,0.9891614317893982
218,Right Knee,1135.125389099121,588.3113694190979,0.7494588494300842
218,Left Ankle,1353.3372116088867,726.9673705101013,0.9640620946884155
218,Right Ankle,1303.5706329345703,767.6756429672241,0.5850042700767517
219,Nose,1244.6039199829102,413.09938073158264,0.9872937202453613
219,Left Eye,1251.0791015625,399.0158200263977,0.9936447143554688
219,Right Eye,1254.730339050293,405.92961072921753,0.9931164383888245
219,Left Ear,1258.4191131591797,404.7391927242279,0.9935997724533081
219,Right Ear,1237.510757446289,408.0384063720703,0.9940993189811707
219,Left Shoulder,1327.7447891235352,401.76058888435364,0.9999138712882996
219,Right Shoulder,1230.6092834472656,468.12031745910645,0.9983708262443542
219,Left Elbow,1426.644172668457,351.90211057662964,0.9278571009635925
219,Right Elbow,1233.7010192871094,535.6069922447205,0.15554611384868622
219,Left Wrist,1318.191261291504,429.30882811546326,0.7117527723312378
219,Right Wrist,1209.895362854004,508.4981310367584,0.35572201013565063
219,Left Hip,1391.6187286376953,582.7035784721375,0.9999392032623291
219,Right Hip,1345.9416961669922,620.9112811088562,0.9998739957809448
219,Left Knee,1210.2929306030273,506.163192987442,0.9889171123504639
219,Right Knee,1134.1175079345703,588.276093006134,0.7338404655456543
219,Left Ankle,1353.4247589111328,730.4216909408569,0.9641879200935364
219,Right Ankle,1300.8344650268555,769.5598411560059,0.5811722278594971
220,Nose,1243.5374450683594,412.9832196235657,0.9873790144920349
220,Left Eye,1251.2044143676758,398.88646245002747,0.9937220215797424
220,Right Eye,1255.983009338379,405.12829542160034,0.9931883811950684
220,Left Ear,1259.8512268066406,399.9533808231354,0.9936563968658447
220,Right Ear,1236.8182754516602,408.2920038700104,0.9941730499267578
220,Left Shoulder,1331.0786819458008,397.1367394924164,0.9999130964279175
220,Right Shoulder,1230.3318786621094,469.32621717453003,0.9983798861503601
220,Left Elbow,1426.8318557739258,351.9352948665619,0.9296965599060059
220,Right Elbow,1231.3629913330078,541.6791701316833,0.15845122933387756
220,Left Wrist,1318.436050415039,429.40934658050537,0.7135699987411499
220,Right Wrist,1209.697380065918,510.06561398506165,0.35886189341545105
220,Left Hip,1396.633415222168,580.813136100769,0.9999386668205261
220,Right Hip,1345.983009338379,620.946364402771,0.9998738169670105
220,Left Knee,1212.689437866211,498.7543737888336,0.9888494610786438
220,Right Knee,1132.3266220092773,586.3734197616577,0.7381101846694946
220,Left Ankle,1353.3082580566406,730.6665658950806,0.9638883471488953
220,Right Ankle,1304.8701095581055,766.176974773407,0.5788251757621765
221,Nose,1244.2147064208984,410.1417946815491,0.9881842732429504
221,Left Eye,1251.584587097168,398.70731234550476,0.9941405057907104
221,Right Eye,1257.4684524536133,402.7612030506134,0.9936419725418091
221,Left Ear,1262.3603439331055,397.7041232585907,0.9940616488456726
221,Right Ear,1237.042007446289,407.6994502544403,0.9945671558380127
221,Left Shoulder,1335.5210494995117,396.8412673473358,0.9999140501022339
221,Right Shoulder,1230.5290603637695,469.3397355079651,0.9984607696533203
221,Left Elbow,1427.036476135254,352.82361030578613,0.9324494004249573
221,Right Elbow,1225.6048965454102,541.7917585372925,0.17149610817432404
221,Left Wrist,1318.6969757080078,427.78785467147827,0.7230361104011536
221,Right Wrist,1209.536476135254,510.1170802116394,0.37450602650642395
221,Left Hip,1399.0482330322266,579.0240168571472,0.9999389052391052
221,Right Hip,1345.890998840332,620.2938795089722,0.9998767971992493
221,Left Knee,1217.8186798095703,490.67481994628906,0.9890199303627014
221,Right Knee,1131.5790939331055,585.6399536132812,0.748824417591095
221,Left Ankle,1353.786849975586,730.6620597839355,0.9643484354019165
221,Right Ankle,1305.7340240478516,766.1554098129272,0.5856586694717407
222,Nose,1246.8561172485352,410.55580973625183,0.9884909987449646
222,Left Eye,1254.950294494629,398.6133277416229,0.9943436980247498
222,Right Eye,1261.0420989990234,402.590936422348,0.9938561916351318
222,Left Ear,1266.8455123901367,399.3656873703003,0.9942601323127747
222,Right Ear,1239.7584915161133,407.6527798175812,0.9947525262832642
222,Left Shoulder,1338.922462463379,394.37455773353577,0.9999152421951294
222,Right Shoulder,1235.2909469604492,467.7994179725647,0.9984663128852844
222,Left Elbow,1427.0733261108398,353.3794391155243,0.9336541295051575
222,Right Elbow,1234.7703552246094,540.1146483421326,0.16937027871608734
222,Left Wrist,1316.8218612670898,428.39019298553467,0.7274861335754395
222,Right Wrist,1220.753059387207,509.67023491859436,0.3685283958911896
222,Left Hip,1403.8422775268555,576.5150785446167,0.9999399781227112
222,Right Hip,1352.1149826049805,618.7554931640625,0.9998780488967896
222,Left Knee,1217.4033737182617,491.0123920440674,0.98924320936203
222,Right Knee,1134.2573547363281,586.1555171012878,0.7529853582382202
222,Left Ankle,1353.113136291504,731.677737236023,0.9648035168647766
222,Right Ankle,1310.269660949707,766.1301112174988,0.5870420336723328
223,Nose,1249.4270324707031,410.8910322189331,0.9887915849685669
223,Left Eye,1257.773780822754,398.7642180919647,0.9945424795150757
223,Right Eye,1263.841896057129,401.7749762535095,0.9940593242645264
223,Left Ear,1270.7930374145508,401.4129424095154,0.9944372177124023
223,Right Ear,1242.8889083862305,408.0561089515686,0.9949424862861633
223,Left Shoulder,1340.0563430786133,394.7281587123871,0.9999140501022339
223,Right Shoulder,1239.7908782958984,466.3553059101105,0.998485267162323
223,Left Elbow,1427.124366760254,353.34107279777527,0.9334720373153687
223,Right Elbow,1238.7900924682617,538.5195171833038,0.16656576097011566
223,Left Wrist,1316.982536315918,428.38629841804504,0.7268112897872925
223,Right Wrist,1223.778076171875,509.8372507095337,0.36255475878715515
223,Left Hip,1405.1051330566406,576.3282036781311,0.9999410510063171
223,Right Hip,1355.1505279541016,617.7005481719971,0.9998795986175537
223,Left Knee,1216.9204330444336,491.8394887447357,0.9895063042640686
223,Right Knee,1136.110496520996,586.5215420722961,0.7552807331085205
223,Left Ankle,1353.215560913086,732.2449278831482,0.9656996130943298
223,Right Ankle,1311.031150817871,766.9472622871399,0.591278612613678
224,Nose,1254.9664306640625,410.92466711997986,0.9891065955162048
224,Left Eye,1261.285743713379,399.44589614868164,0.994708240032196
224,Right Eye,1267.4321365356445,401.02309942245483,0.9942247867584229
224,Left Ear,1276.9709014892578,402.36984729766846,0.9946019649505615
224,Right Ear,1246.178970336914,408.615220785141,0.9951049089431763
224,Left Shoulder,1343.811149597168,396.41241431236267,0.9999150633811951
224,Right Shoulder,1239.8651504516602,469.1424000263214,0.998515784740448
224,Left Elbow,1428.6816787719727,353.26839566230774,0.9341797232627869
224,Right Elbow,1238.9711380004883,540.2517628669739,0.1710350066423416
224,Left Wrist,1319.264144897461,426.7600429058075,0.7283669114112854
224,Right Wrist,1222.9774475097656,508.7695598602295,0.3658776581287384
224,Left Hip,1410.8887481689453,580.0476765632629,0.9999414086341858
224,Right Hip,1357.712516784668,620.3971982002258,0.9998809099197388
224,Left Knee,1225.656967163086,491.43287658691406,0.9896766543388367
224,Right Knee,1136.766357421875,586.6372203826904,0.7613044381141663
224,Left Ankle,1359.4127655029297,731.8254733085632,0.9667418003082275
224,Right Ankle,1311.0770416259766,768.1485271453857,0.6004456281661987
225,Nose,1254.8981094360352,412.2780454158783,0.9893136620521545
225,Left Eye,1261.2565612792969,400.57767033576965,0.9948206543922424
225,Right Eye,1267.5679779052734,400.7595884799957,0.9943527579307556
225,Left Ear,1276.7820739746094,402.1277403831482,0.9947388172149658
225,Right Ear,1246.139030456543,409.4973564147949,0.9951861500740051
225,Left Shoulder,1344.5155334472656,399.5343768596649,0.9999153017997742
225,Right Shoulder,1238.598861694336,475.6478726863861,0.9985179901123047
225,Left Elbow,1429.4845962524414,353.2453179359436,0.936133623123169
225,Right Elbow,1238.86962890625,543.4659719467163,0.17928701639175415
225,Left Wrist,1321.9072723388672,421.14668369293213,0.7335047125816345
225,Right Wrist,1224.9055480957031,505.2755856513977,0.37463223934173584
225,Left Hip,1411.061897277832,584.1858959197998,0.9999405741691589
225,Right Hip,1356.7523574829102,624.5252466201782,0.9998804926872253
225,Left Knee,1227.4134063720703,493.0263340473175,0.9895047545433044
225,Right Knee,1138.524169921875,587.1372056007385,0.7660732269287109
225,Left Ankle,1360.7320404052734,731.7890381813049,0.9668711423873901
225,Right Ankle,1317.4485397338867,768.2446360588074,0.6090995073318481
226,Nose,1254.8463821411133,412.2793972492218,0.989509105682373
226,Left Eye,1261.2359619140625,400.5280387401581,0.9949789643287659
226,Right Eye,1267.6076889038086,400.50438165664673,0.9945252537727356
226,Left Ear,1276.644515991211,400.6870722770691,0.9948844313621521
226,Right Ear,1245.908203125,409.51245188713074,0.9953358173370361
226,Left Shoulder,1346.0135650634766,399.46781516075134,0.9999072551727295
226,Right Shoulder,1234.9058532714844,476.8215215206146,0.9985359311103821
226,Left Elbow,1430.5086135864258,353.4866523742676,0.9361326694488525
226,Right Elbow,1236.9305419921875,543.4306955337524,0.19332563877105713
226,Left Wrist,1322.8176498413086,420.7984256744385,0.7342062592506409
226,Right Wrist,1232.5128936767578,499.0957760810852,0.39308300614356995
226,Left Hip,1411.1140823364258,584.0861821174622,0.9999391436576843
226,Right Hip,1353.1196594238281,624.4405961036682,0.9998830556869507
226,Left Knee,1244.0324020385742,483.19770097732544,0.9891991019248962
226,Right Knee,1140.6238174438477,583.7595534324646,0.777373194694519
226,Left Ankle,1360.0146102905273,730.1105761528015,0.9665786027908325
226,Right Ankle,1321.988410949707,764.951376914978,0.6221314668655396
227,Nose,1254.6701431274414,413.84288907051086,0.9892480969429016
227,Left Eye,1261.369285583496,401.90117955207825,0.9948022961616516
227,Right Eye,1267.972183227539,401.0086154937744,0.9943408966064453
227,Left Ear,1276.6181945800781,400.53669691085815,0.9947456121444702
227,Right Ear,1245.8406829833984,410.5236876010895,0.99515700340271
227,Left Shoulder,1345.9413528442383,403.7666451931,0.9999020099639893
227,Right Shoulder,1235.2020263671875,477.69670486450195,0.9984394311904907
227,Left Elbow,1430.723648071289,353.6434006690979,0.9365912079811096
227,Right Elbow,1236.5161514282227,537.8743386268616,0.1972506195306778
227,Left Wrist,1322.577896118164,419.3461060523987,0.7304728031158447
227,Right Wrist,1231.9984817504883,484.8080563545227,0.3897269666194916
227,Left Hip,1411.2836837768555,590.8092355728149,0.999936044216156
227,Right Hip,1354.13818359375,628.1532454490662,0.9998783469200134
227,Left Knee,1240.4986953735352,486.0969007015228,0.9889260530471802
227,Right Knee,1143.581886291504,584.1522288322449,0.7800911664962769
227,Left Ankle,1359.0828323364258,733.3356642723083,0.966691255569458
227,Right Ankle,1321.0759735107422,770.3162884712219,0.6270347833633423
228,Nose,1250.536994934082,412.88707852363586,0.9890120625495911
228,Left Eye,1257.1776580810547,401.80030703544617,0.994785487651825
228,Right Eye,1266.254997253418,400.4858100414276,0.9943129420280457
228,Left Ear,1272.2512435913086,400.4465425014496,0.9946931600570679
228,Right Ear,1242.4358367919922,410.4628872871399,0.9951335787773132
228,Left Shoulder,1348.3836364746094,401.8921673297882,0.9998939633369446
228,Right Shoulder,1233.9122772216797,477.37088084220886,0.9984501600265503
228,Left Elbow,1431.3678359985352,354.2542362213135,0.9356619119644165
228,Right Elbow,1229.168815612793,540.1852011680603,0.20352305471897125
228,Left Wrist,1322.5920867919922,420.1489984989166,0.7277433276176453
228,Right Wrist,1232.9645919799805,485.27321577072144,0.4003799855709076
228,Left Hip,1413.0631256103516,587.8590202331543,0.9999353289604187
228,Right Hip,1353.9421463012695,627.5554776191711,0.9998805522918701
228,Left Knee,1245.3013229370117,483.53044509887695,0.9887446761131287
228,Right Knee,1143.2405090332031,583.9279532432556,0.7882674932479858
228,Left Ankle,1360.0321197509766,733.2562279701233,0.9664797186851501
228,Right Ankle,1319.9329376220703,770.177435874939,0.6357269883155823
229,Nose,1250.430679321289,413.42565536499023,0.9889973998069763
229,Left Eye,1257.2392272949219,401.79531812667847,0.994827389717102
229,Right Eye,1266.2610626220703,400.3172171115875,0.9943597912788391
229,Left Ear,1272.2834014892578,402.02847719192505,0.9947341680526733
229,Right Ear,1242.3225402832031,410.5369162559509,0.9951556921005249
229,Left Shoulder,1348.2140350341797,402.3569083213806,0.9998903274536133
229,Right Shoulder,1233.5760498046875,477.34519600868225,0.9984282851219177
229,Left Elbow,1431.6640090942383,354.48910117149353,0.9363259077072144
229,Right Elbow,1227.8791809082031,540.2051568031311,0.2052326798439026
229,Left Wrist,1322.296028137207,420.4934585094452,0.7292459607124329
229,Right Wrist,1231.6347885131836,487.12796330451965,0.4023512601852417
229,Left Hip,1412.8078079223633,588.9589619636536,0.9999351501464844
229,Right Hip,1353.7651062011719,628.3806109428406,0.9998809695243835
229,Left Knee,1242.8193283081055,486.49269819259644,0.988061785697937
229,Right Knee,1143.1624603271484,583.9662551879883,0.7888942360877991
229,Left Ankle,1359.1936111450195,735.2966594696045,0.9653129577636719
229,Right Ankle,1319.6645736694336,770.1074624061584,0.6327314972877502
230,Nose,1250.2746963500977,413.16636085510254,0.9877635836601257
230,Left Eye,1257.3315811157227,400.9174633026123,0.9943385124206543
230,Right Eye,1266.1211013793945,399.1327214241028,0.9938245415687561
230,Left Ear,1271.2778091430664,402.2595763206482,0.9942240118980408
230,Right Ear,1242.2476959228516,410.1772964000702,0.9947231411933899
230,Left Shoulder,1348.1184768676758,399.8269200325012,0.9998763799667358
230,Right Shoulder,1233.5660934448242,475.3739655017853,0.9983409643173218
230,Left Elbow,1431.6600036621094,355.8081364631653,0.9318859577178955
230,Right Elbow,1228.1401062011719,540.2204132080078,0.19887354969978333
230,Left Wrist,1317.2300720214844,429.0665280818939,0.7166446447372437
230,Right Wrist,1232.596321105957,497.70931005477905,0.3919602036476135
230,Left Hip,1412.6422119140625,587.0587992668152,0.999932050704956
230,Right Hip,1353.6757278442383,627.0907688140869,0.9998783469200134
230,Left Knee,1241.0480117797852,486.21357679367065,0.9877524375915527
230,Right Knee,1142.9685974121094,583.9786148071289,0.7923804521560669
230,Left Ankle,1357.884750366211,735.1490521430969,0.9646425843238831
230,Right Ankle,1319.4193267822266,769.1302800178528,0.6345027089118958
231,Nose,1250.0054168701172,413.5237920284271,0.9866642355918884
231,Left Eye,1256.1284637451172,401.15718841552734,0.9939182996749878
231,Right Eye,1263.4083938598633,399.2036283016205,0.9933446645736694
231,Left Ear,1269.191780090332,406.4588212966919,0.9937763810157776
231,Right Ear,1240.9997177124023,410.9589457511902,0.9943324327468872
231,Left Shoulder,1347.7387619018555,397.2178816795349,0.9998725652694702
231,Right Shoulder,1234.1623306274414,473.3068513870239,0.9982614517211914
231,Left Elbow,1431.4078903198242,355.8126747608185,0.9310000538825989
231,Right Elbow,1229.0378952026367,534.7166168689728,0.19564740359783173
231,Left Wrist,1312.558822631836,429.84524846076965,0.7075756788253784
231,Right Wrist,1232.4445724487305,494.1060948371887,0.3803761601448059
231,Left Hip,1412.530174255371,586.3393664360046,0.9999310374259949
231,Right Hip,1353.7487411499023,626.4308166503906,0.999875545501709
231,Left Knee,1230.6721115112305,482.9572033882141,0.9876205921173096
231,Right Knee,1142.2497940063477,583.9441108703613,0.7940105199813843
231,Left Ankle,1343.6949920654297,735.3274941444397,0.9641334414482117
231,Right Ankle,1315.7875442504883,768.1399011611938,0.6260074377059937
232,Nose,1249.9267959594727,413.7855005264282,0.9858231544494629
232,Left Eye,1255.7965850830078,401.3583540916443,0.9936062097549438
232,Right Eye,1263.4757995605469,399.0733051300049,0.9929730296134949
232,Left Ear,1269.3074798583984,401.5801191329956,0.9934706091880798
232,Right Ear,1241.018943786621,411.10191822052,0.9940406680107117
232,Left Shoulder,1347.6861190795898,395.55457949638367,0.9998710751533508
232,Right Shoulder,1236.434326171875,470.6135165691376,0.9981918334960938
232,Left Elbow,1431.3153076171875,355.74666023254395,0.9310309886932373
232,Right Elbow,1229.4588088989258,529.3247652053833,0.19153812527656555
232,Left Wrist,1307.505111694336,429.9729001522064,0.7022746801376343
232,Right Wrist,1232.6958847045898,489.0039539337158,0.3665218651294708
232,Left Hip,1412.8412246704102,583.092520236969,0.9999310970306396
232,Right Hip,1356.1382675170898,623.0753087997437,0.9998742938041687
232,Left Knee,1225.3754425048828,482.05771923065186,0.9876888394355774
232,Right Knee,1142.1774673461914,583.9491963386536,0.7940950989723206
232,Left Ankle,1342.942886352539,735.3034830093384,0.9642265439033508
232,Right Ankle,1313.4835052490234,768.1417679786682,0.6196590662002563
233,Nose,1249.9283981323242,414.8782968521118,0.9840975999832153
233,Left Eye,1255.7123565673828,401.76754117012024,0.9929561018943787
233,Right Eye,1262.735252380371,399.35831665992737,0.9922891855239868
233,Left Ear,1269.8642349243164,399.2020833492279,0.992743194103241
233,Right Ear,1240.4728317260742,412.873592376709,0.9934221506118774
233,Left Shoulder,1347.6108169555664,395.57440638542175,0.9998594522476196
233,Right Shoulder,1236.4031982421875,470.654296875,0.99810391664505
233,Left Elbow,1431.3896942138672,355.7113516330719,0.9288663268089294
233,Right Elbow,1229.483299255371,530.0375354290009,0.1852109134197235
233,Left Wrist,1308.7090301513672,431.033992767334,0.6895785927772522
233,Right Wrist,1230.6500244140625,494.3459486961365,0.3549216091632843
233,Left Hip,1412.742576599121,581.1055827140808,0.9999301433563232
233,Right Hip,1355.7342910766602,622.4543023109436,0.9998727440834045
233,Left Knee,1225.2304458618164,482.71825075149536,0.9876476526260376
233,Right Knee,1142.1799850463867,583.712432384491,0.7975102066993713
233,Left Ankle,1343.9231872558594,735.251727104187,0.964180588722229
233,Right Ankle,1314.664192199707,763.3564710617065,0.6214572787284851
234,Nose,1249.643211364746,415.2009987831116,0.9839935302734375
234,Left Eye,1255.2397155761719,402.1477282047272,0.9929941296577454
234,Right Eye,1261.7510604858398,399.6400773525238,0.9923350811004639
234,Left Ear,1266.0841369628906,401.4878726005554,0.9927451610565186
234,Right Ear,1239.9084091186523,413.5085999965668,0.9934440851211548
234,Left Shoulder,1347.5482177734375,395.589759349823,0.9998521208763123
234,Right Shoulder,1234.9781799316406,472.4292540550232,0.9981067776679993
234,Left Elbow,1430.9413146972656,355.8184039592743,0.9274430871009827
234,Right Elbow,1227.5767135620117,540.6678056716919,0.1815052032470703
234,Left Wrist,1308.859519958496,433.0267882347107,0.6832918524742126
234,Right Wrist,1224.8137664794922,520.4026329517365,0.3529130220413208
234,Left Hip,1411.823959350586,579.6362042427063,0.9999310374259949
234,Right Hip,1353.6223983764648,622.458872795105,0.9998752474784851
234,Left Knee,1227.2224044799805,483.16017150878906,0.9877611994743347
234,Right Knee,1142.5862503051758,583.237681388855,0.8037064075469971
234,Left Ankle,1345.0299453735352,735.1909589767456,0.9644454121589661
234,Right Ankle,1322.475471496582,755.0734663009644,0.6322091221809387
235,Nose,1245.4291534423828,414.89261984825134,0.9843983054161072
235,Left Eye,1254.6187591552734,402.1351110935211,0.9931495785713196
235,Right Eye,1260.7759094238281,399.61442470550537,0.9925353527069092
235,Left Ear,1259.1570281982422,402.4286198616028,0.9928889274597168
235,Right Ear,1238.9158630371094,413.51178646087646,0.9936138987541199
235,Left Shoulder,1345.2384567260742,395.4368734359741,0.9998494386672974
235,Right Shoulder,1234.6489334106445,472.8690826892853,0.9980887174606323
235,Left Elbow,1430.9425735473633,355.4088306427002,0.9283562302589417
235,Right Elbow,1227.6814270019531,544.8506999015808,0.1774718165397644
235,Left Wrist,1309.2655563354492,432.93096899986267,0.6783197522163391
235,Right Wrist,1217.471694946289,525.8435046672821,0.34528854489326477
235,Left Hip,1409.1272735595703,577.9817533493042,0.9999306201934814
235,Right Hip,1353.3492279052734,622.121365070343,0.9998734593391418
235,Left Knee,1220.2895736694336,484.2500388622284,0.9877955317497253
235,Right Knee,1143.8776016235352,583.0331683158875,0.8034619092941284
235,Left Ankle,1343.2781982421875,735.7022094726562,0.9651141166687012
235,Right Ankle,1327.0224380493164,755.0653553009033,0.635054886341095
236,Nose,1245.516471862793,410.4937219619751,0.9842453002929688
236,Left Eye,1256.510009765625,398.55178713798523,0.9931616187095642
236,Right Eye,1262.9411315917969,395.7690703868866,0.9925311207771301
236,Left Ear,1264.877815246582,394.70839619636536,0.9928785562515259
236,Right Ear,1239.9150466918945,410.4811370372772,0.9936139583587646
236,Left Shoulder,1345.576400756836,394.62496876716614,0.999847948551178
236,Right Shoulder,1234.7080993652344,470.5617606639862,0.9980783462524414
236,Left Elbow,1431.2353134155273,354.00331020355225,0.928506076335907
236,Right Elbow,1227.2320175170898,537.785632610321,0.18064619600772858
236,Left Wrist,1309.335823059082,430.22263526916504,0.6758440732955933
236,Right Wrist,1217.8587341308594,503.66094946861267,0.3422810733318329
236,Left Hip,1410.171775817871,576.8585729598999,0.9999310374259949
236,Right Hip,1353.8988876342773,619.7837233543396,0.9998747110366821
236,Left Knee,1220.5713272094727,484.30424094200134,0.9875659942626953
236,Right Knee,1144.2729949951172,582.528805732727,0.8022273778915405
236,Left Ankle,1343.8711166381836,735.6818675994873,0.9643789529800415
236,Right Ankle,1326.199722290039,755.6276535987854,0.6302191615104675
237,Nose,1253.3866882324219,408.40359449386597,0.9841086864471436
237,Left Eye,1264.5501708984375,394.56931829452515,0.99319988489151
237,Right Eye,1271.4435195922852,391.7143750190735,0.992530882358551
237,Left Ear,1276.7083740234375,389.2221415042877,0.9928797483444214
237,Right Ear,1247.072868347168,406.1576199531555,0.9936410784721375
237,Left Shoulder,1346.249771118164,394.53001856803894,0.9998414516448975
237,Right Shoulder,1234.7996520996094,464.7941315174103,0.9981223344802856
237,Left Elbow,1431.3370513916016,353.29739570617676,0.924527108669281
237,Right Elbow,1227.0102310180664,520.6359851360321,0.1916562169790268
237,Left Wrist,1309.6643829345703,427.76854276657104,0.6636720895767212
237,Right Wrist,1228.7646102905273,471.11231088638306,0.34263789653778076
237,Left Hip,1411.3092041015625,575.0099730491638,0.9999316930770874
237,Right Hip,1354.1907119750977,614.5137619972229,0.9998777508735657
237,Left Knee,1230.6879043579102,483.7390458583832,0.9871159791946411
237,Right Knee,1144.745979309082,580.4457592964172,0.803061842918396
237,Left Ankle,1349.4640731811523,735.6040406227112,0.9633296728134155
237,Right Ankle,1325.0852966308594,754.7623515129089,0.6276833415031433
238,Nose,1253.0368423461914,409.05250668525696,0.9835134744644165
238,Left Eye,1261.296043395996,395.14774203300476,0.9929836392402649
238,Right Eye,1266.7729568481445,392.3881673812866,0.9922774434089661
238,Left Ear,1276.325912475586,390.1360774040222,0.9926602840423584
238,Right Ear,1246.995506286621,406.3029420375824,0.9933999180793762
238,Left Shoulder,1345.023307800293,392.590491771698,0.9998423457145691
238,Right Shoulder,1237.042121887207,463.14502358436584,0.9980252981185913
238,Left Elbow,1429.9346923828125,352.59936690330505,0.9243294596672058
238,Right Elbow,1229.8419570922852,522.8526699542999,0.18348029255867004
238,Left Wrist,1308.4699630737305,427.8634285926819,0.6579803228378296
238,Right Wrist,1223.4088897705078,471.453777551651,0.32782870531082153
238,Left Hip,1411.2108993530273,572.6958274841309,0.9999334812164307
238,Right Hip,1356.192855834961,613.6301136016846,0.9998784065246582
238,Left Knee,1222.789421081543,486.67921900749207,0.9875619411468506
238,Right Knee,1144.9883651733398,580.0629329681396,0.8039785623550415
238,Left Ankle,1351.6457748413086,735.8018589019775,0.9643386006355286
238,Right Ankle,1322.9457092285156,756.4774417877197,0.6289049983024597
239,Nose,1249.5933151245117,408.7260389328003,0.9830507636070251
239,Left Eye,1256.3731384277344,395.3124725818634,0.9928005933761597
239,Right Eye,1262.746696472168,397.80988812446594,0.9921114444732666
239,Left Ear,1268.5778045654297,394.41739797592163,0.992495596408844
239,Right Ear,1244.6349334716797,406.5197825431824,0.9931989312171936
239,Left Shoulder,1343.045425415039,392.71180272102356,0.999841570854187
239,Right Shoulder,1236.7948150634766,464.2079508304596,0.9979227185249329
239,Left Elbow,1428.8225555419922,352.72952914237976,0.9249497056007385
239,Right Elbow,1229.2680358886719,524.2391359806061,0.1783161163330078
239,Left Wrist,1307.90771484375,428.3519232273102,0.6543776988983154
239,Right Wrist,1223.0578994750977,475.82164764404297,0.31612449884414673
239,Left Hip,1410.1239395141602,572.9819011688232,0.9999337792396545
239,Right Hip,1356.112174987793,613.7484312057495,0.9998775720596313
239,Left Knee,1219.1057968139648,491.2121093273163,0.9879881143569946
239,Right Knee,1145.694808959961,579.942684173584,0.8055524826049805
239,Left Ankle,1351.3162994384766,735.9781765937805,0.9654229879379272
239,Right Ankle,1323.0625534057617,756.3681364059448,0.6358084082603455
240,Nose,1242.9192352294922,407.9843330383301,0.983525276184082
240,Left Eye,1251.8578720092773,394.8904752731323,0.9929577708244324
240,Right Eye,1255.9621810913086,399.09680128097534,0.9923129677772522
240,Left Ear,1260.2286529541016,395.31829833984375,0.9926294684410095
240,Right Ear,1239.9237442016602,406.61418557167053,0.9933671951293945
240,Left Shoulder,1342.9633712768555,391.95500135421753,0.9998384714126587
240,Right Shoulder,1234.4408798217773,464.95957016944885,0.9979779124259949
240,Left Elbow,1426.6803359985352,352.93787240982056,0.9262648820877075
240,Right Elbow,1216.8042755126953,534.0884327888489,0.18199996650218964
240,Left Wrist,1304.1929626464844,427.7317214012146,0.656531035900116
240,Right Wrist,1209.6028518676758,494.2930340766907,0.3199142813682556
240,Left Hip,1410.0628280639648,572.7445578575134,0.9999335408210754
240,Right Hip,1354.7822570800781,613.8887643814087,0.999878466129303
240,Left Knee,1219.801254272461,490.1994252204895,0.9883822202682495
240,Right Knee,1145.485610961914,579.2032313346863,0.8116593956947327
240,Left Ankle,1351.9908142089844,735.7773327827454,0.9666073322296143
240,Right Ankle,1322.874870300293,754.1652274131775,0.6473855972290039
