Frame,Keypoint,X,Y,Confidence
8,Nose,822.8379249572754,-23.347578048706055,0.9986874461174011
8,Left Eye,835.1870155334473,-47.39794850349426,0.9969804883003235
8,Right Eye,843.4275054931641,-48.15883755683899,0.9965318441390991
8,Left Ear,851.634578704834,-48.8311493396759,0.9967323541641235
8,Right Ear,812.237377166748,-47.16549754142761,0.9962115287780762
8,Left Shoulder,921.672306060791,31.377532482147217,0.9999005794525146
8,Right Shoulder,729.8626327514648,41.58905625343323,0.9987179040908813
8,Left Elbow,977.9566955566406,135.64125180244446,0.981262743473053
8,Right Elbow,673.7690162658691,138.06631207466125,0.9578563570976257
8,Left Wrist,1011.7918395996094,289.90046739578247,0.9668099880218506
8,Right Wrist,674.6495246887207,80.04208445549011,0.9742631316184998
8,Left Hip,865.7548713684082,332.36071586608887,0.9990571141242981
8,Right Hip,773.8104057312012,334.5655560493469,0.9979301691055298
8,Left Knee,892.9749870300293,593.8043189048767,0.7510478496551514
8,Right Knee,766.226634979248,584.5699453353882,0.727346658706665
8,Left Ankle,846.0340118408203,781.5492510795593,0.6283421516418457
8,Right Ankle,768.002872467041,810.8121299743652,0.7861746549606323
10,Nose,873.0380630493164,-22.477705478668213,0.9984235763549805
10,Left Eye,880.5053901672363,-42.20777750015259,0.9962222576141357
10,Right Eye,885.7225799560547,-42.13239669799805,0.9955307245254517
10,Left Ear,890.9234619140625,-41.945393085479736,0.9959670901298523
10,Right Ear,863.8287162780762,-44.52076435089111,0.9955946207046509
10,Left Shoulder,915.8508682250977,39.03022885322571,0.9998709559440613
10,Right Shoulder,773.0413055419922,42.200825214385986,0.9986677169799805
10,Left Elbow,956.092472076416,132.67001062631607,0.9713520407676697
10,Right Elbow,707.7642059326172,152.65117764472961,0.948102593421936
10,Left Wrist,1003.9732360839844,251.25942170619965,0.9507592916488647
10,Right Wrist,785.1794815063477,172.3919516801834,0.9668206572532654
10,Left Hip,863.4490013122559,325.71465253829956,0.9988793730735779
10,Right Hip,803.0859375,327.56640672683716,0.9976418614387512
10,Left Knee,853.7132835388184,572.42262840271,0.7190337777137756
10,Right Knee,805.4228782653809,575.9314727783203,0.6880456209182739
10,Left Ankle,818.316650390625,790.1729822158813,0.605933427810669
10,Right Ankle,783.1230926513672,810.1228880882263,0.760711133480072
11,Nose,873.0158615112305,-11.317271143198013,0.9957671761512756
11,Left Eye,871.8532562255859,-30.484354868531227,0.9937768578529358
11,Right Eye,867.8131484985352,-31.300701275467873,0.9927529692649841
11,Left Ear,863.1420707702637,-32.01202712953091,0.9930344223976135
11,Right Ear,872.3098182678223,-28.892965391278267,0.9930332899093628
11,Left Shoulder,774.8605728149414,43.460299372673035,0.9998612403869629
11,Right Shoulder,903.0698204040527,57.956869304180145,0.9987883567810059
11,Left Elbow,698.9945411682129,131.98573350906372,0.9023789763450623
11,Right Elbow,949.7983360290527,148.77177000045776,0.9409786462783813
11,Left Wrist,769.3130493164062,159.90690171718597,0.8651774525642395
11,Right Wrist,989.4425582885742,230.87173104286194,0.9316822290420532
11,Left Hip,809.0496253967285,332.2542428970337,0.9989665150642395
11,Right Hip,863.8048553466797,326.5494418144226,0.9978369474411011
11,Left Knee,777.6662635803223,573.424015045166,0.7294505834579468
11,Right Knee,850.6806564331055,572.204532623291,0.6586712598800659
11,Left Ankle,783.6681747436523,805.1772379875183,0.6167582869529724
11,Right Ankle,814.8729515075684,811.6602444648743,0.7345214486122131
12,Nose,865.6439781188965,-2.501077763736248,0.9934217929840088
12,Left Eye,858.4220123291016,-23.547838479280472,0.9916369915008545
12,Right Eye,852.3041725158691,-24.50390450656414,0.9903884530067444
12,Left Ear,846.3235473632812,-25.371978655457497,0.9901735186576843
12,Right Ear,872.1453094482422,-21.96060709655285,0.9908264875411987
12,Left Shoulder,759.2977523803711,45.64831808209419,0.9998543858528137
12,Right Shoulder,915.6102561950684,56.186768263578415,0.9989023804664612
12,Left Elbow,692.2707939147949,133.6931473016739,0.8454270362854004
12,Right Elbow,960.168342590332,144.996839761734,0.9410204291343689
12,Left Wrist,749.8990058898926,145.0440412759781,0.7896570563316345
12,Right Wrist,1004.7660827636719,236.56301379203796,0.9107100367546082
12,Left Hip,792.7026557922363,332.4727249145508,0.9990432858467102
12,Right Hip,881.1640548706055,327.1439266204834,0.9980035424232483
12,Left Knee,767.5322341918945,575.1530742645264,0.7363729476928711
12,Right Knee,862.3467063903809,572.2979378700256,0.631984293460846
12,Left Ankle,771.1727714538574,811.7487573623657,0.6205468773841858
12,Right Ankle,835.605411529541,812.7514314651489,0.7076666951179504
13,Nose,876.7484664916992,-11.512633189558983,0.9924963712692261
13,Left Eye,866.1415672302246,-33.16449724137783,0.9907397627830505
13,Right Eye,853.5821914672852,-34.91647124290466,0.989404022693634
13,Left Ear,855.6395530700684,-36.56093627214432,0.9893264174461365
13,Right Ear,886.5611457824707,-28.8239736109972,0.9900304675102234
13,Left Shoulder,769.3680953979492,29.19156365096569,0.9998471736907959
13,Right Shoulder,928.6491966247559,47.58995711803436,0.9989909529685974
13,Left Elbow,728.6967658996582,138.42042803764343,0.7848559021949768
13,Right Elbow,975.6707382202148,163.94214034080505,0.9240626692771912
13,Left Wrist,800.2705192565918,179.0889984369278,0.7150787115097046
13,Right Wrist,994.1221618652344,244.2498117685318,0.8575100898742676
13,Left Hip,804.338264465332,332.2111451625824,0.9991059303283691
13,Right Hip,884.5660400390625,326.7304587364197,0.998144268989563
13,Left Knee,774.931583404541,574.6209669113159,0.7486351132392883
13,Right Knee,876.1811256408691,575.0344347953796,0.6148963570594788
13,Left Ankle,779.1438102722168,812.6325345039368,0.6385515332221985
13,Right Ankle,845.5598258972168,813.5671663284302,0.6947872638702393
14,Nose,862.7202415466309,-65.86836129426956,0.9914047122001648
14,Left Eye,854.004020690918,-84.08363163471222,0.9900937080383301
14,Right Eye,846.3808822631836,-81.64858549833298,0.988656222820282
14,Left Ear,843.7189865112305,-65.5242070555687,0.9887497425079346
14,Right Ear,878.202953338623,-82.79531031847,0.9895507097244263
14,Left Shoulder,747.2133636474609,39.80642259120941,0.9998037815093994
14,Right Shoulder,939.0059280395508,44.39750611782074,0.9990708231925964
14,Left Elbow,719.1419792175293,156.69951617717743,0.7327114343643188
14,Right Elbow,978.8897323608398,163.67059886455536,0.9201773405075073
14,Left Wrist,769.1283416748047,186.38218760490417,0.6466947197914124
14,Right Wrist,992.3868942260742,264.60357785224915,0.8061229586601257
14,Left Hip,799.8272323608398,332.469699382782,0.9991441965103149
14,Right Hip,898.1006240844727,327.5108206272125,0.9982449412345886
14,Left Knee,788.6686134338379,571.4400386810303,0.7632739543914795
14,Right Knee,893.3981323242188,575.8341407775879,0.6266789436340332
14,Left Ankle,781.6436576843262,810.4812526702881,0.6531825661659241
14,Right Ankle,883.5305213928223,810.721685886383,0.6988138556480408
15,Nose,862.5276947021484,-65.80777019262314,0.9916591644287109
15,Left Eye,853.7468147277832,-72.61553853750229,0.9904815554618835
15,Right Eye,846.5005302429199,-71.29220634698868,0.9890963435173035
15,Left Ear,840.7831192016602,-62.88351729512215,0.9892538785934448
15,Right Ear,877.4886703491211,-78.18530112504959,0.9899865984916687
15,Left Shoulder,745.3435134887695,54.40089985728264,0.9997822046279907
15,Right Shoulder,941.7339134216309,45.363218039274216,0.9991569519042969
15,Left Elbow,710.0363159179688,189.8596179485321,0.7041744589805603
15,Right Elbow,979.4423675537109,171.05640470981598,0.9223743081092834
15,Left Wrist,765.0093841552734,242.8141486644745,0.5864734649658203
15,Right Wrist,990.4926681518555,303.37258100509644,0.7776208519935608
15,Left Hip,794.8183822631836,331.8854820728302,0.9992089867591858
15,Right Hip,915.0469779968262,326.3983905315399,0.9983850717544556
15,Left Knee,792.8293991088867,567.2644186019897,0.7801116704940796
15,Right Knee,900.7467269897461,568.823983669281,0.6428397297859192
15,Left Ankle,782.3586273193359,796.4852714538574,0.6751010417938232
15,Right Ankle,888.1188011169434,789.3002772331238,0.7109857201576233
16,Nose,863.0482864379883,-58.9742486178875,0.9922528862953186
16,Left Eye,854.073486328125,-72.01231509447098,0.9912356734275818
16,Right Eye,850.7958984375,-66.50332063436508,0.9899812936782837
16,Left Ear,846.1483955383301,-60.45711323618889,0.9901487827301025
16,Right Ear,877.4970245361328,-73.34691256284714,0.9907408952713013
16,Left Shoulder,756.9149208068848,69.73263323307037,0.9997848868370056
16,Right Shoulder,940.4171562194824,57.89992332458496,0.9992281198501587
16,Left Elbow,713.690013885498,200.59092164039612,0.6972886919975281
16,Right Elbow,982.0525360107422,190.62786161899567,0.9142230749130249
16,Left Wrist,762.4483680725098,295.9599959850311,0.5361843109130859
16,Right Wrist,977.9563522338867,323.0107283592224,0.7319076061248779
16,Left Hip,798.7637329101562,331.7592465877533,0.9992774128913879
16,Right Hip,911.7781448364258,325.9753954410553,0.9985165596008301
16,Left Knee,793.8110733032227,567.0429754257202,0.796607494354248
16,Right Knee,903.940258026123,564.7373270988464,0.6590600609779358
16,Left Ankle,784.2138862609863,776.9255304336548,0.6997178792953491
16,Right Ankle,886.0243606567383,776.2130498886108,0.7268266677856445
17,Nose,870.6374359130859,-14.16539590805769,0.9923447370529175
17,Left Eye,875.4573440551758,-30.20097278058529,0.9908013343811035
17,Right Eye,881.451244354248,-29.558423459529877,0.989521324634552
17,Left Ear,887.0236015319824,-28.39165650308132,0.9899626970291138
17,Right Ear,875.4933929443359,-30.90831957757473,0.9902660250663757
17,Left Shoulder,916.4998054504395,68.85775566101074,0.999740719795227
17,Right Shoulder,795.4559898376465,76.39967411756516,0.9991767406463623
17,Left Elbow,949.5339202880859,208.573996424675,0.6716309785842896
17,Right Elbow,739.7792816162109,202.45431125164032,0.8913756012916565
17,Left Wrist,910.5800628662109,300.3189504146576,0.5050882697105408
17,Right Wrist,768.3237648010254,299.17394757270813,0.7036044001579285
17,Left Hip,900.0979614257812,337.04588055610657,0.9992793798446655
17,Right Hip,837.0938873291016,327.4625086784363,0.9985486268997192
17,Left Knee,869.7136116027832,576.5979266166687,0.7790055871009827
17,Right Knee,862.6510620117188,564.6414756774902,0.6594991683959961
17,Left Ankle,806.2677383422852,763.0524373054504,0.6923647522926331
17,Right Ankle,877.0555686950684,749.2259502410889,0.7093856930732727
18,Nose,886.732006072998,23.465016558766365,0.9852732419967651
18,Left Eye,882.5130844116211,6.859794817864895,0.9827620387077332
18,Right Eye,881.8297576904297,6.514590494334698,0.9826769828796387
18,Left Ear,882.4994659423828,6.430649086833,0.9825596809387207
18,Right Ear,887.464542388916,0.8633336168713868,0.980780303478241
18,Left Shoulder,813.4133720397949,80.33512651920319,0.9997055530548096
18,Right Shoulder,928.5440254211426,91.6403317451477,0.9992257952690125
18,Left Elbow,751.7548370361328,217.15512871742249,0.6791244745254517
18,Right Elbow,960.1598739624023,240.7383280992508,0.8541433811187744
18,Left Wrist,741.89208984375,349.80635046958923,0.49338382482528687
18,Right Wrist,922.280387878418,332.4528658390045,0.642340898513794
18,Left Hip,836.0401725769043,339.62006092071533,0.9992937445640564
18,Right Hip,898.3724212646484,335.819091796875,0.9986043572425842
18,Left Knee,864.6851348876953,573.0717658996582,0.7908490896224976
18,Right Knee,920.1284980773926,579.8692345619202,0.6857504844665527
18,Left Ankle,795.1560401916504,769.0585041046143,0.7081531882286072
18,Right Ankle,889.493350982666,759.2504382133484,0.7260107398033142
19,Nose,888.3579254150391,13.056456036865711,0.984000563621521
19,Left Eye,882.967529296875,-2.633861191570759,0.9814521074295044
19,Right Eye,880.4093742370605,-2.45607222430408,0.9815853834152222
19,Left Ear,880.1232147216797,-2.174703301861882,0.9811893701553345
19,Right Ear,894.8191452026367,-4.748694319278002,0.9789907336235046
19,Left Shoulder,795.3073883056641,79.18442666530609,0.9997056126594543
19,Right Shoulder,946.6932106018066,92.3991447687149,0.9992777109146118
19,Left Elbow,736.2569618225098,210.89443445205688,0.6998022198677063
19,Right Elbow,978.6894607543945,251.90963745117188,0.835421085357666
19,Left Wrist,721.2179374694824,350.05547404289246,0.4907303750514984
19,Right Wrist,934.6920204162598,336.44283413887024,0.5916823148727417
19,Left Hip,818.1646156311035,344.41237449645996,0.9993388652801514
19,Right Hip,914.2959022521973,343.245130777359,0.9986897110939026
19,Left Knee,851.2869644165039,573.4875512123108,0.80353844165802
19,Right Knee,909.0573120117188,583.9812541007996,0.7081933617591858
19,Left Ankle,813.4443283081055,768.9110255241394,0.7281746864318848
19,Right Ankle,892.9104995727539,768.4782457351685,0.7395859956741333
20,Nose,910.6876373291016,4.3668461591005325,0.9784677624702454
20,Left Eye,906.8378448486328,-8.013974335044622,0.9748788475990295
20,Right Eye,900.563793182373,-8.121885135769844,0.9761736392974854
20,Left Ear,894.9399375915527,-8.103327602148056,0.9739397764205933
20,Right Ear,917.4970436096191,-9.793439134955406,0.9696453213691711
20,Left Shoulder,797.4811935424805,75.78539460897446,0.9996533989906311
20,Right Shoulder,953.9183807373047,103.62410098314285,0.9992669820785522
20,Left Elbow,740.4446983337402,208.03447008132935,0.7115767002105713
20,Right Elbow,976.413688659668,252.7087962627411,0.7910805344581604
20,Left Wrist,716.5167617797852,332.6624000072479,0.492188423871994
20,Right Wrist,939.8754501342773,353.31027030944824,0.5466195940971375
20,Left Hip,812.51220703125,344.0506625175476,0.9993770718574524
20,Right Hip,919.9765777587891,342.37921714782715,0.9987694621086121
20,Left Knee,842.7984809875488,562.7480721473694,0.8109626173973083
20,Right Knee,912.3931503295898,580.2903628349304,0.7245273590087891
20,Left Ankle,819.0558242797852,762.7009606361389,0.7444161772727966
20,Right Ankle,893.4856796264648,770.1241993904114,0.7545790672302246
21,Nose,905.0730514526367,0.5057432083413005,0.9798920154571533
21,Left Eye,899.7758674621582,-12.458952739834785,0.9765899181365967
21,Right Eye,895.8922576904297,-10.89399442076683,0.9778929948806763
21,Left Ear,893.302173614502,-9.385032579302788,0.9757624864578247
21,Right Ear,913.7234115600586,-13.961996287107468,0.9715651869773865
21,Left Shoulder,798.9518165588379,74.04271245002747,0.9996740818023682
21,Right Shoulder,956.0639762878418,101.5608412027359,0.9992714524269104
21,Left Elbow,743.1180953979492,205.1758736371994,0.7362002730369568
21,Right Elbow,980.2434539794922,251.37028813362122,0.7733595967292786
21,Left Wrist,713.8327789306641,321.7853879928589,0.5298858880996704
21,Right Wrist,940.1141738891602,345.2515411376953,0.5016882419586182
21,Left Hip,811.4952278137207,343.0859041213989,0.9994279146194458
21,Right Hip,919.3771362304688,346.54186606407166,0.9988681077957153
21,Left Knee,838.6183547973633,552.4207091331482,0.8246093392372131
21,Right Knee,919.6314811706543,562.3626708984375,0.7489083409309387
21,Left Ankle,829.3049240112305,757.5458407402039,0.7671595811843872
21,Right Ankle,899.4510841369629,764.9079895019531,0.7761274576187134
22,Nose,903.8468742370605,6.564182862639427,0.9814435839653015
22,Left Eye,892.9595947265625,-7.539019156247377,0.978385329246521
22,Right Eye,886.4901351928711,-8.441246710717678,0.9796597361564636
22,Left Ear,879.9505233764648,-8.771001510322094,0.9776570796966553
22,Right Ear,908.4429359436035,-3.398760985583067,0.9736539721488953
22,Left Shoulder,799.9340057373047,72.4972853064537,0.9996997714042664
22,Right Shoulder,953.4099769592285,102.11334675550461,0.999265730381012
22,Left Elbow,748.0840873718262,199.39239263534546,0.7608628869056702
22,Right Elbow,983.1255340576172,251.95112586021423,0.7673681974411011
22,Left Wrist,713.8916015625,318.3399188518524,0.5685780644416809
22,Right Wrist,941.2513160705566,340.09278416633606,0.46396008133888245
22,Left Hip,812.5000190734863,342.37516164779663,0.9994696378707886
22,Right Hip,918.4537124633789,345.3219974040985,0.9989248514175415
22,Left Knee,836.6138648986816,542.7788543701172,0.8410179018974304
22,Right Knee,924.8575973510742,541.2514114379883,0.7714434266090393
22,Left Ankle,852.3867988586426,760.2558159828186,0.7893461585044861
22,Right Ankle,896.1455154418945,753.5361099243164,0.7942278981208801
23,Nose,886.2993621826172,-8.825790993869305,0.9832329750061035
23,Left Eye,876.5284538269043,-23.983086571097374,0.9804681539535522
23,Right Eye,870.1373863220215,-23.17493364214897,0.981617271900177
23,Left Ear,863.5492515563965,-22.260949462652206,0.9797995090484619
23,Right Ear,895.290412902832,-23.779712095856667,0.9761955142021179
23,Left Shoulder,800.8530235290527,70.8266606926918,0.9997208714485168
23,Right Shoulder,948.5315322875977,99.55010175704956,0.9992681741714478
23,Left Elbow,752.5448799133301,197.1564280986786,0.783626139163971
23,Right Elbow,977.3379135131836,243.8843983411789,0.7738214135169983
23,Left Wrist,716.9972991943359,317.14805245399475,0.6035014986991882
23,Right Wrist,946.860237121582,327.4735486507416,0.439823716878891
23,Left Hip,813.1525611877441,341.70867562294006,0.9994908571243286
23,Right Hip,918.5658645629883,344.49026584625244,0.9989575743675232
23,Left Knee,837.0466804504395,541.907114982605,0.8537458777427673
23,Right Knee,924.4401741027832,541.6322422027588,0.7881886959075928
23,Left Ankle,858.8653564453125,752.448205947876,0.8083275556564331
23,Right Ankle,895.4036521911621,753.242826461792,0.809078574180603
24,Nose,879.836254119873,1.0168341547250748,0.9847986698150635
24,Left Eye,870.5684280395508,-11.52971114963293,0.9822586178779602
24,Right Eye,864.6687126159668,-11.296337842941284,0.983314037322998
24,Left Ear,858.4305381774902,-10.65474707633257,0.9816516637802124
24,Right Ear,889.5253372192383,-9.73093494772911,0.9783875346183777
24,Left Shoulder,800.3925132751465,72.74437308311462,0.9997400045394897
24,Right Shoulder,951.50390625,105.60950964689255,0.9992779493331909
24,Left Elbow,754.1018486022949,199.33498799800873,0.802727460861206
24,Right Elbow,976.0214996337891,249.92337584495544,0.7713073492050171
24,Left Wrist,726.6366577148438,322.4492347240448,0.6270045042037964
24,Right Wrist,943.6494827270508,318.4371864795685,0.4082769453525543
24,Left Hip,813.5849761962891,340.5013918876648,0.9995200634002686
24,Right Hip,919.1806411743164,344.12617206573486,0.9990191459655762
24,Left Knee,836.9871711730957,539.7500717639923,0.8674499988555908
24,Right Knee,920.0475883483887,545.0480675697327,0.8071106672286987
24,Left Ankle,858.5772514343262,725.5632662773132,0.8266171813011169
24,Right Ankle,902.1137237548828,748.3000731468201,0.8252541422843933
25,Nose,882.8128051757812,16.137697622179985,0.9862622022628784
25,Left Eye,872.4621963500977,2.87580038420856,0.983950674533844
25,Right Eye,866.048583984375,1.6696527320891619,0.9849058389663696
25,Left Ear,859.3058967590332,0.6941756629385054,0.9833917617797852
25,Right Ear,892.7874183654785,8.112860843539238,0.9804655313491821
25,Left Shoulder,799.9596977233887,79.8101806640625,0.9997541904449463
25,Right Shoulder,951.210880279541,112.66126781702042,0.9992955327033997
25,Left Elbow,756.1236763000488,213.92220318317413,0.8205967545509338
25,Right Elbow,972.6777648925781,252.02225804328918,0.7745073437690735
25,Left Wrist,734.1913032531738,335.94764471054077,0.6563814878463745
25,Right Wrist,950.0642967224121,342.91444659233093,0.41104379296302795
25,Left Hip,815.1604270935059,341.75846815109253,0.9995312094688416
25,Right Hip,920.9419441223145,346.48833990097046,0.9990758895874023
25,Left Knee,837.1862983703613,542.294511795044,0.8796395659446716
25,Right Knee,918.1438064575195,545.7340908050537,0.8244153261184692
25,Left Ankle,855.9766387939453,726.831157207489,0.8430407047271729
25,Right Ankle,906.8295478820801,749.811487197876,0.8410875797271729
26,Nose,874.8572731018066,41.0750176012516,0.9876129627227783
26,Left Eye,866.2123489379883,30.64616046845913,0.9855182766914368
26,Right Eye,860.3142356872559,30.600479766726494,0.9863831400871277
26,Left Ear,853.9410781860352,30.533978417515755,0.9850154519081116
26,Right Ear,884.857349395752,32.00921282172203,0.9823711514472961
26,Left Shoulder,800.3045082092285,115.58313488960266,0.9997745752334595
26,Right Shoulder,948.9900398254395,133.05407613515854,0.999345600605011
26,Left Elbow,756.3132476806641,236.96952939033508,0.8378355503082275
26,Right Elbow,970.3255462646484,257.71695256233215,0.7873430252075195
26,Left Wrist,740.7394981384277,348.0996608734131,0.6792589426040649
26,Right Wrist,948.969783782959,332.30677127838135,0.3882298469543457
26,Left Hip,822.8830146789551,358.89002680778503,0.999565601348877
26,Right Hip,923.8538360595703,362.0993757247925,0.9991428256034851
26,Left Knee,836.759147644043,543.6178922653198,0.890957236289978
26,Right Knee,918.7955474853516,553.8101363182068,0.8412302136421204
26,Left Ankle,860.9198570251465,727.8055715560913,0.8581845164299011
26,Right Ankle,905.9940719604492,745.6835031509399,0.8556866645812988
27,Nose,873.889274597168,54.60830166935921,0.9888397455215454
27,Left Eye,866.572208404541,44.32799533009529,0.9869546294212341
27,Right Eye,861.1688804626465,44.05819192528725,0.9877318739891052
27,Left Ear,855.1657104492188,43.51664185523987,0.9865007400512695
27,Right Ear,882.8731727600098,45.927873998880386,0.9841225147247314
27,Left Shoulder,799.4300079345703,142.31333792209625,0.9997615814208984
27,Right Shoulder,947.252140045166,153.7356698513031,0.9993783831596375
27,Left Elbow,758.0972099304199,272.2765839099884,0.8421742916107178
27,Right Elbow,969.3067932128906,286.712361574173,0.7982819676399231
27,Left Wrist,799.8478317260742,342.89404034614563,0.6147725582122803
27,Right Wrist,940.1487350463867,333.3646774291992,0.35433635115623474
27,Left Hip,822.7760696411133,373.71201038360596,0.9995957612991333
27,Right Hip,921.7287826538086,374.3366861343384,0.9992020726203918
27,Left Knee,841.2715530395508,560.4099798202515,0.9009519219398499
27,Right Knee,918.0662727355957,566.3267612457275,0.8537827730178833
27,Left Ankle,872.4091529846191,732.8812551498413,0.8709849715232849
27,Right Ankle,915.3061866760254,725.5476880073547,0.8658461570739746
28,Nose,874.1721153259277,67.32089817523956,0.9899492263793945
28,Left Eye,866.2099456787109,56.773065626621246,0.9882531762123108
28,Right Eye,860.4706192016602,56.69845327734947,0.9889516234397888
28,Left Ear,854.2096138000488,56.45469278097153,0.987842857837677
28,Right Ear,882.3537254333496,57.697602957487106,0.9857048988342285
28,Left Shoulder,798.7726020812988,151.50660932064056,0.9997486472129822
28,Right Shoulder,946.3274574279785,158.30612182617188,0.9994190335273743
28,Left Elbow,758.7831687927246,284.3939995765686,0.8486965298652649
28,Right Elbow,972.8445053100586,287.88996934890747,0.8137659430503845
28,Left Wrist,806.9756698608398,351.9290506839752,0.5581626892089844
28,Right Wrist,940.1095390319824,341.07157588005066,0.33047667145729065
28,Left Hip,823.3200073242188,382.52750873565674,0.9996145367622375
28,Right Hip,920.9627151489258,378.09751868247986,0.9992415308952332
28,Left Knee,839.8500823974609,561.8114447593689,0.9081271886825562
28,Right Knee,917.2575759887695,569.407331943512,0.8634331226348877
28,Left Ankle,866.0256385803223,735.4917740821838,0.8803759217262268
28,Right Ankle,911.0566520690918,718.27064037323,0.8731600642204285
29,Nose,874.4796180725098,76.87837600708008,0.9909444451332092
29,Left Eye,866.0575675964355,65.92217311263084,0.989419162273407
29,Right Eye,860.0705909729004,66.3159629702568,0.9900462031364441
29,Left Ear,853.5765266418457,66.66554868221283,0.9890488982200623
29,Right Ear,882.2438621520996,66.3273449242115,0.9871261715888977
29,Left Shoulder,801.4372444152832,158.01689386367798,0.999747097492218
29,Right Shoulder,943.7982559204102,158.67449641227722,0.9994598627090454
29,Left Elbow,765.0902938842773,286.06396436691284,0.8590428829193115
29,Right Elbow,972.4837875366211,278.498911857605,0.8311477899551392
29,Left Wrist,807.5228118896484,346.78268551826477,0.5073355436325073
29,Right Wrist,951.0016250610352,336.5542960166931,0.31401222944259644
29,Left Hip,829.1756057739258,378.6878514289856,0.9996287822723389
29,Right Hip,921.4007377624512,373.67631554603577,0.9992713928222656
29,Left Knee,834.3441009521484,569.2334604263306,0.9164858460426331
29,Right Knee,918.7778663635254,571.87584400177,0.8753277659416199
29,Left Ankle,862.6324653625488,737.0496654510498,0.8896860480308533
29,Right Ankle,915.1274299621582,726.4168524742126,0.880287230014801
30,Nose,872.1191024780273,83.14875036478043,0.9918386936187744
30,Left Eye,862.8393745422363,73.37756216526031,0.9904672503471375
30,Right Eye,856.6171073913574,74.02933895587921,0.9910297989845276
30,Left Ear,850.0704574584961,74.65871393680573,0.9901313185691833
30,Right Ear,879.6765518188477,73.06239992380142,0.9884048104286194
30,Left Shoulder,800.8863258361816,171.79268717765808,0.9997190833091736
30,Right Shoulder,944.5602607727051,166.11603319644928,0.9994727969169617
30,Left Elbow,769.0622520446777,296.2052571773529,0.8679381012916565
30,Right Elbow,972.9751968383789,283.7575113773346,0.845890998840332
30,Left Wrist,816.4110374450684,345.5632674694061,0.46015608310699463
30,Right Wrist,949.3880653381348,347.18334317207336,0.2928318381309509
30,Left Hip,829.4982719421387,389.312424659729,0.9995854496955872
30,Right Hip,921.240348815918,381.70337319374084,0.9992231726646423
30,Left Knee,832.1585083007812,572.2516536712646,0.9223079085350037
30,Right Knee,918.4711647033691,571.2171149253845,0.8815727233886719
30,Left Ankle,861.265754699707,739.0857839584351,0.8959982395172119
30,Right Ankle,917.4964714050293,727.8630566596985,0.8821062445640564
31,Nose,872.3569107055664,88.03129881620407,0.9926287531852722
31,Left Eye,862.9225730895996,79.60525721311569,0.9913979768753052
31,Right Eye,856.8892478942871,79.97887820005417,0.9918999671936035
31,Left Ear,850.792179107666,80.29332429170609,0.9910932183265686
31,Right Ear,879.8324203491211,80.16092509031296,0.9895406365394592
31,Left Shoulder,805.5264472961426,169.13474142551422,0.9997291564941406
31,Right Shoulder,944.4643020629883,168.46770823001862,0.9995065927505493
31,Left Elbow,777.1597480773926,284.2081546783447,0.8790550231933594
31,Right Elbow,974.1739654541016,281.0583186149597,0.860542893409729
31,Left Wrist,821.3530540466309,346.3653874397278,0.42340150475502014
31,Right Wrist,954.4132232666016,348.2961595058441,0.30004605650901794
31,Left Hip,831.8706893920898,388.2565462589264,0.9995175004005432
31,Right Hip,920.8415794372559,381.57559275627136,0.9991430044174194
31,Left Knee,833.8899993896484,569.3882131576538,0.9230441451072693
31,Right Knee,919.4745254516602,568.6956238746643,0.8858285546302795
31,Left Ankle,860.1492118835449,735.3084397315979,0.8948070406913757
31,Right Ankle,921.8286323547363,729.2043972015381,0.8806856274604797
32,Nose,877.9572486877441,82.33710318803787,0.9931134581565857
32,Left Eye,869.2469215393066,74.34561163187027,0.9920666217803955
32,Right Eye,863.9528274536133,74.38539415597916,0.9924954175949097
32,Left Ear,858.6963844299316,74.37563359737396,0.9917818903923035
32,Right Ear,884.2064094543457,74.92595851421356,0.9903465509414673
32,Left Shoulder,807.8887367248535,168.10295462608337,0.9997228980064392
32,Right Shoulder,944.395637512207,169.01038885116577,0.9994785785675049
32,Left Elbow,788.6822891235352,280.36582589149475,0.8861966729164124
32,Right Elbow,973.6520004272461,279.3430030345917,0.8708154559135437
32,Left Wrist,829.3815994262695,344.81225967407227,0.3927308917045593
32,Right Wrist,952.6510620117188,346.6810727119446,0.2936915457248688
32,Left Hip,833.1134033203125,396.5404522418976,0.9994405508041382
32,Right Hip,917.2588348388672,393.6096453666687,0.998984158039093
32,Left Knee,835.4084587097168,567.5831294059753,0.9135553240776062
32,Right Knee,912.172794342041,568.5946869850159,0.8792076110839844
32,Left Ankle,857.2574615478516,735.2628636360168,0.8836614489555359
32,Right Ankle,920.833797454834,735.9045338630676,0.8729706406593323
33,Nose,882.3207664489746,85.94212889671326,0.9935905933380127
33,Left Eye,873.4108543395996,76.75692826509476,0.9926667213439941
33,Right Eye,867.6171684265137,76.66171252727509,0.9930328726768494
33,Left Ear,861.8566131591797,76.63044333457947,0.992397129535675
33,Right Ear,889.4181060791016,77.34811395406723,0.9910878539085388
33,Left Shoulder,808.1307792663574,172.05515205860138,0.9996922612190247
33,Right Shoulder,945.4022026062012,168.0820333957672,0.9994166493415833
33,Left Elbow,793.7126541137695,283.021502494812,0.8921348452568054
33,Right Elbow,975.0413131713867,277.4835240840912,0.8784969449043274
33,Left Wrist,830.7707405090332,339.8930025100708,0.3597341477870941
33,Right Wrist,953.8830757141113,335.34051060676575,0.2822555899620056
33,Left Hip,834.5902633666992,392.1792447566986,0.9993234872817993
33,Right Hip,919.3185424804688,391.1636960506439,0.9987919926643372
33,Left Knee,835.0586700439453,560.4030919075012,0.9125860333442688
33,Right Knee,914.2635726928711,562.3474144935608,0.8602088689804077
33,Left Ankle,855.2578926086426,733.2181191444397,0.8829928636550903
33,Right Ankle,924.3760299682617,730.836124420166,0.8610869646072388
34,Nose,896.8026924133301,96.08240783214569,0.994063138961792
34,Left Eye,887.3715591430664,86.1386838555336,0.9932585954666138
34,Right Eye,881.2778663635254,85.45388370752335,0.9935633540153503
34,Left Ear,875.2136421203613,84.81522291898727,0.9930071234703064
34,Right Ear,903.1973648071289,88.01920473575592,0.9918476343154907
34,Left Shoulder,808.1875991821289,177.88950383663177,0.9996236562728882
34,Right Shoulder,947.863712310791,173.8421791791916,0.9993946552276611
34,Left Elbow,797.5897407531738,287.5449299812317,0.8917115330696106
34,Right Elbow,975.9179306030273,275.24279594421387,0.8876259922981262
34,Left Wrist,835.308952331543,329.2971396446228,0.32574522495269775
34,Right Wrist,959.9693870544434,340.5835962295532,0.2724912166595459
34,Left Hip,835.6565093994141,394.7163140773773,0.9990683794021606
34,Right Hip,922.6935195922852,394.0580356121063,0.9984708428382874
34,Left Knee,836.5908622741699,560.7275319099426,0.9152565002441406
34,Right Knee,914.7391891479492,565.0138092041016,0.8587242364883423
34,Left Ankle,855.3574562072754,733.2711625099182,0.88427734375
34,Right Ankle,916.7925453186035,729.1118288040161,0.8565279841423035
35,Nose,899.5491600036621,102.69887566566467,0.994573712348938
35,Left Eye,890.8979415893555,92.1673133969307,0.9938567280769348
35,Right Eye,885.1910591125488,91.38184189796448,0.9941191673278809
35,Left Ear,879.4878387451172,90.60275942087173,0.9936276078224182
35,Right Ear,906.2928199768066,94.62136566638947,0.9926002621650696
35,Left Shoulder,809.080867767334,184.75079834461212,0.9996066689491272
35,Right Shoulder,948.0753135681152,181.30790412425995,0.9993987679481506
35,Left Elbow,800.3856468200684,295.0205683708191,0.8973562717437744
35,Right Elbow,980.0313949584961,275.351425409317,0.8960236310958862
35,Left Wrist,842.8376197814941,330.28822660446167,0.2975233495235443
35,Right Wrist,974.1666412353516,353.7983465194702,0.27090296149253845
35,Left Hip,838.9696884155273,399.68764901161194,0.9988259673118591
35,Right Hip,925.9919357299805,399.7784471511841,0.9982846975326538
35,Left Knee,849.2904853820801,560.9386110305786,0.9206677079200745
35,Right Knee,920.287914276123,569.5392966270447,0.8641970157623291
35,Left Ankle,862.3603248596191,729.1606879234314,0.8884916305541992
35,Right Ankle,917.017879486084,730.1840901374817,0.8600982427597046
36,Nose,899.6420288085938,111.3911560177803,0.9950527548789978
36,Left Eye,891.3473510742188,100.7105702161789,0.9944038987159729
36,Right Eye,885.9720611572266,100.15815317630768,0.9946396946907043
36,Left Ear,880.6021499633789,99.56518113613129,0.9941938519477844
36,Right Ear,905.9836006164551,102.7764692902565,0.9932721257209778
36,Left Shoulder,812.1090888977051,191.19086802005768,0.9996206760406494
36,Right Shoulder,948.0003547668457,189.7468203306198,0.9994392395019531
36,Left Elbow,808.7444114685059,298.28086853027344,0.8924938440322876
36,Right Elbow,979.141731262207,278.80571365356445,0.9055330157279968
36,Left Wrist,854.1273880004883,359.67029213905334,0.28123265504837036
36,Right Wrist,972.5077056884766,373.04362535476685,0.3108033835887909
36,Left Hip,842.3120498657227,405.6682884693146,0.9988503456115723
36,Right Hip,927.9977989196777,406.316202878952,0.9983193278312683
36,Left Knee,853.1125831604004,564.149215221405,0.9216556549072266
36,Right Knee,924.3408966064453,574.9526166915894,0.8713587522506714
36,Left Ankle,863.4696578979492,719.9975109100342,0.890058159828186
36,Right Ankle,916.922779083252,729.2687058448792,0.8687049746513367
37,Nose,903.116626739502,125.9900951385498,0.99554044008255
37,Left Eye,894.0077018737793,116.96911811828613,0.9949561953544617
37,Right Eye,888.6191940307617,116.63526356220245,0.9951677918434143
37,Left Ear,883.2432174682617,116.2514716386795,0.9947652816772461
37,Right Ear,909.118595123291,118.92295986413956,0.9939380288124084
37,Left Shoulder,817.375602722168,213.05083394050598,0.9996134638786316
37,Right Shoulder,955.2079582214355,214.25208270549774,0.999457836151123
37,Left Elbow,809.6065521240234,320.47600865364075,0.8974900841712952
37,Right Elbow,979.7888946533203,303.3959484100342,0.9094040989875793
37,Left Wrist,849.2515754699707,373.93277764320374,0.25710639357566833
37,Right Wrist,969.1096115112305,379.54195261001587,0.28990912437438965
37,Left Hip,847.1033477783203,416.6293716430664,0.9989398121833801
37,Right Hip,933.7874794006348,414.8636841773987,0.9984543323516846
37,Left Knee,857.1943473815918,567.4737596511841,0.9278789758682251
37,Right Knee,926.7462158203125,580.4857349395752,0.8802048563957214
37,Left Ankle,863.7973022460938,711.8615341186523,0.8994143605232239
37,Right Ankle,914.6856880187988,725.0333476066589,0.8794323801994324
38,Nose,902.9207038879395,141.46728336811066,0.9959092140197754
38,Left Eye,894.7327423095703,132.03200161457062,0.9953926801681519
38,Right Eye,889.7321891784668,131.68226301670074,0.9955759644508362
38,Left Ear,884.6421432495117,131.28545969724655,0.9952048659324646
38,Right Ear,908.9266204833984,133.74528139829636,0.9944807887077332
38,Left Shoulder,820.381908416748,228.69564950466156,0.9994468688964844
38,Right Shoulder,964.0161895751953,239.2982715368271,0.9992371201515198
38,Left Elbow,808.535099029541,341.0896968841553,0.8826939463615417
38,Right Elbow,980.9028625488281,341.52276635169983,0.8841882348060608
38,Left Wrist,856.4637565612793,366.06369137763977,0.23268935084342957
38,Right Wrist,956.6021347045898,373.11482191085815,0.2628679871559143
38,Left Hip,854.458179473877,431.740905046463,0.9989740252494812
38,Right Hip,937.8343391418457,429.8749566078186,0.9985039234161377
38,Left Knee,864.609203338623,575.3282332420349,0.9299337267875671
38,Right Knee,928.4578514099121,580.0662803649902,0.8716201186180115
38,Left Ankle,874.9133491516113,705.6983327865601,0.9047403931617737
38,Right Ankle,913.2538604736328,716.6407799720764,0.8823332786560059
39,Nose,902.4502944946289,150.35861313343048,0.9959235191345215
39,Left Eye,895.4779815673828,142.9240447282791,0.9954882264137268
39,Right Eye,891.2967681884766,142.5196373462677,0.9956112504005432
39,Left Ear,887.0387077331543,141.87733948230743,0.9952878952026367
39,Right Ear,907.7993774414062,144.6169263124466,0.9946741461753845
39,Left Shoulder,828.2121849060059,233.34058105945587,0.9991453886032104
39,Right Shoulder,961.7160415649414,248.81801068782806,0.998511016368866
39,Left Elbow,822.1715927124023,345.2282381057739,0.8373011946678162
39,Right Elbow,982.1146774291992,347.1438503265381,0.8328375816345215
39,Left Wrist,865.484733581543,370.236736536026,0.21106348931789398
39,Right Wrist,951.8058013916016,369.9652111530304,0.23914259672164917
39,Left Hip,858.75,440.20553827285767,0.9988068342208862
39,Right Hip,936.3957023620605,436.2514579296112,0.9981421232223511
39,Left Knee,868.7467002868652,574.1934657096863,0.9284700155258179
39,Right Knee,927.8179550170898,579.1465830802917,0.8578506112098694
39,Left Ankle,872.4969863891602,709.7543478012085,0.9024494886398315
39,Right Ankle,911.8040084838867,717.7516651153564,0.8751240372657776
40,Nose,902.2393226623535,159.8303461074829,0.9959108829498291
40,Left Eye,895.7773590087891,152.53863751888275,0.9956017732620239
40,Right Eye,891.5275955200195,152.3527604341507,0.9956650733947754
40,Left Ear,887.079963684082,152.04005241394043,0.995396614074707
40,Right Ear,907.8851509094238,153.5681712627411,0.994869589805603
40,Left Shoulder,830.7410430908203,243.45268070697784,0.9989206194877625
40,Right Shoulder,960.3711318969727,253.7041962146759,0.9980802536010742
40,Left Elbow,820.9439277648926,352.2818148136139,0.8299259543418884
40,Right Elbow,989.2107009887695,350.7555305957794,0.8100786805152893
40,Left Wrist,861.591796875,383.64779233932495,0.19180627167224884
40,Right Wrist,948.7620162963867,376.9692528247833,0.2178192138671875
40,Left Hip,860.2597618103027,438.385648727417,0.9988417029380798
40,Right Hip,937.4573707580566,433.08115124702454,0.9981021285057068
40,Left Knee,871.36962890625,573.9345574378967,0.9206377863883972
40,Right Knee,927.9587173461914,573.5198664665222,0.8222675323486328
40,Left Ankle,871.4876174926758,712.2613549232483,0.8955782055854797
40,Right Ankle,911.7799186706543,712.7769184112549,0.855618417263031
41,Nose,908.2078170776367,172.9078370332718,0.9959942698478699
41,Left Eye,902.3425483703613,164.5058387517929,0.9957906007766724
41,Right Eye,898.7576866149902,164.2875337600708,0.9957982897758484
41,Left Ear,895.1529121398926,164.03454780578613,0.9955906867980957
41,Right Ear,911.9376182556152,165.3462928533554,0.9950692057609558
41,Left Shoulder,834.8961639404297,250.93560934066772,0.9989373087882996
41,Right Shoulder,959.9580574035645,260.4620110988617,0.997946560382843
41,Left Elbow,822.2078132629395,352.30186700820923,0.8266382813453674
41,Right Elbow,983.8296890258789,351.148077249527,0.7724205255508423
41,Left Wrist,851.4102745056152,392.70137429237366,0.17723830044269562
41,Right Wrist,927.0322036743164,383.8392698764801,0.20037533342838287
41,Left Hip,873.6478042602539,440.97540736198425,0.9988518357276917
41,Right Hip,932.0407676696777,438.539274930954,0.9980837106704712
41,Left Knee,868.5265731811523,573.1125783920288,0.8754276633262634
41,Right Knee,912.8383827209473,573.8390278816223,0.7536305785179138
41,Left Ankle,863.2451248168945,699.683575630188,0.8636192083358765
41,Right Ankle,908.6114501953125,701.8384623527527,0.8083794713020325
42,Nose,907.3182106018066,173.0511635541916,0.9961496591567993
42,Left Eye,900.6782913208008,163.6430311203003,0.996001660823822
42,Right Eye,896.8156814575195,163.53361308574677,0.9960314035415649
42,Left Ear,892.9450035095215,163.5305553674698,0.9958146810531616
42,Right Ear,910.8936882019043,164.34804439544678,0.9953052997589111
42,Left Shoulder,836.2252807617188,248.25777232646942,0.9989801645278931
42,Right Shoulder,959.2289543151855,258.54501485824585,0.9975542426109314
42,Left Elbow,819.3921089172363,341.7117977142334,0.843511164188385
42,Right Elbow,983.9833831787109,353.3895456790924,0.7754393815994263
42,Left Wrist,825.1740646362305,402.958345413208,0.21398960053920746
42,Right Wrist,937.0857810974121,381.3734292984009,0.18301185965538025
42,Left Hip,868.2981491088867,436.71961069107056,0.9988768696784973
42,Right Hip,934.7620010375977,437.6799273490906,0.998060405254364
42,Left Knee,875.910758972168,565.6492352485657,0.884758710861206
42,Right Knee,924.0903854370117,573.8277626037598,0.7757270932197571
42,Left Ankle,869.3803024291992,703.3351993560791,0.8731881976127625
42,Right Ankle,909.6183586120605,706.3767600059509,0.8243954181671143
43,Nose,905.518798828125,173.55634689331055,0.9963572025299072
43,Left Eye,900.5295181274414,164.79078590869904,0.9962787628173828
43,Right Eye,896.2223052978516,164.9861580133438,0.9963119029998779
43,Left Ear,891.7873764038086,165.28246700763702,0.9961159825325012
43,Right Ear,910.4869651794434,164.4960057735443,0.9956072568893433
43,Left Shoulder,842.2294807434082,246.6079080104828,0.9990496039390564
43,Right Shoulder,958.7646102905273,253.4603190422058,0.9971503615379333
43,Left Elbow,818.0478286743164,340.96864342689514,0.8589962720870972
43,Right Elbow,983.6947631835938,345.93891620635986,0.7828915119171143
43,Left Wrist,811.519889831543,399.4294810295105,0.27128252387046814
43,Right Wrist,937.719669342041,365.133501291275,0.16677366197109222
43,Left Hip,865.9087944030762,435.38129568099976,0.9988174438476562
43,Right Hip,935.3673934936523,433.3603370189667,0.9979240894317627
43,Left Knee,874.3164825439453,564.2183518409729,0.8916828036308289
43,Right Knee,930.468578338623,573.4450650215149,0.7971636652946472
43,Left Ankle,870.6148910522461,705.1566338539124,0.8790756464004517
43,Right Ankle,914.5478439331055,714.0525341033936,0.8388352394104004
44,Nose,904.7196006774902,175.97820460796356,0.9961274266242981
44,Left Eye,899.2797660827637,167.511785030365,0.9961832165718079
44,Right Eye,894.9442291259766,167.84192204475403,0.9962411522865295
44,Left Ear,890.4923057556152,168.28649818897247,0.9960166215896606
44,Right Ear,910.2599143981934,166.80342435836792,0.9954180121421814
44,Left Shoulder,845.5088996887207,248.15464675426483,0.9990972876548767
44,Right Shoulder,958.4560203552246,252.18322277069092,0.9967849850654602
44,Left Elbow,818.8533782958984,339.8919081687927,0.872829020023346
44,Right Elbow,982.3770904541016,342.12278723716736,0.7904415130615234
44,Left Wrist,806.5488052368164,398.23217511177063,0.32901471853256226
44,Right Wrist,946.7852210998535,347.5804281234741,0.15332846343517303
44,Left Hip,864.3921661376953,433.71052622795105,0.9987715482711792
44,Right Hip,935.1168823242188,432.3722434043884,0.9978755712509155
44,Left Knee,872.7963638305664,567.9853320121765,0.8955686688423157
44,Right Knee,934.1978073120117,573.4359884262085,0.816120982170105
44,Left Ankle,876.6190338134766,706.9064855575562,0.8833832740783691
44,Right Ankle,915.399169921875,714.4831895828247,0.8518995642662048
45,Nose,904.2033004760742,176.7709583044052,0.9961332678794861
45,Left Eye,898.9558982849121,168.93011569976807,0.9962131977081299
45,Right Eye,894.411449432373,169.35570180416107,0.9963010549545288
45,Left Ear,889.793815612793,169.9477243423462,0.9960398077964783
45,Right Ear,910.1461601257324,168.0424439907074,0.9953970909118652
45,Left Shoulder,846.9338035583496,250.1217895746231,0.9991515874862671
45,Right Shoulder,957.8368949890137,252.25261688232422,0.9965844750404358
45,Left Elbow,821.2129783630371,337.48284459114075,0.8852130770683289
45,Right Elbow,977.1640777587891,339.93120789527893,0.7926880717277527
45,Left Wrist,804.7646141052246,396.26294016838074,0.382600873708725
45,Right Wrist,946.728630065918,349.161171913147,0.14122915267944336
45,Left Hip,865.177173614502,435.5523347854614,0.998837411403656
45,Right Hip,935.049877166748,433.31791520118713,0.9979478120803833
45,Left Knee,871.6897773742676,571.7227005958557,0.902117133140564
45,Right Knee,936.3774490356445,570.8658313751221,0.8331566452980042
45,Left Ankle,888.4413528442383,707.1142816543579,0.8921588063240051
45,Right Ankle,915.2004432678223,710.6430172920227,0.8647946119308472
46,Nose,903.8390350341797,179.99850869178772,0.9961426258087158
46,Left Eye,898.4697532653809,172.17762172222137,0.9962781071662903
46,Right Eye,893.8918304443359,172.69891440868378,0.9963903427124023
46,Left Ear,889.2465591430664,173.32745254039764,0.9961137771606445
46,Right Ear,909.953727722168,171.09179377555847,0.9954174757003784
46,Left Shoulder,850.2557945251465,252.92439758777618,0.9992082118988037
46,Right Shoulder,957.6010322570801,252.41646230220795,0.9964416027069092
46,Left Elbow,821.6878509521484,334.8582923412323,0.8965205550193787
46,Right Elbow,976.5961074829102,338.461217880249,0.7981342673301697
46,Left Wrist,801.4484596252441,399.0067434310913,0.4384281039237976
46,Right Wrist,952.8016090393066,351.0539960861206,0.13091401755809784
46,Left Hip,865.4359245300293,433.98250222206116,0.9988651275634766
46,Right Hip,935.8101654052734,432.11156487464905,0.9980123043060303
46,Left Knee,872.6010131835938,571.5474128723145,0.9082785248756409
46,Right Knee,938.9674186706543,569.2576003074646,0.849281370639801
46,Left Ankle,892.459716796875,704.1235756874084,0.899570107460022
46,Right Ankle,916.6044044494629,710.2845239639282,0.8771294951438904
47,Nose,899.9681854248047,182.0165866613388,0.9963783621788025
47,Left Eye,895.7175636291504,175.45493245124817,0.9965062141418457
47,Right Eye,891.8842506408691,176.3237428665161,0.9966140985488892
47,Left Ear,887.9095458984375,177.2189301252365,0.9963257312774658
47,Right Ear,906.1920547485352,173.97568881511688,0.995711624622345
47,Left Shoulder,853.1627655029297,257.45131731033325,0.9992361068725586
47,Right Shoulder,958.0019187927246,259.99432504177094,0.9965289831161499
47,Left Elbow,822.4543190002441,335.8065068721771,0.9062284827232361
47,Right Elbow,975.8123016357422,340.2841007709503,0.8046762347221375
47,Left Wrist,802.2933197021484,409.0070593357086,0.479215145111084
47,Right Wrist,965.5715560913086,383.2523810863495,0.12695001065731049
47,Left Hip,867.6897811889648,433.0531167984009,0.9989113807678223
47,Right Hip,935.6734657287598,431.35003209114075,0.9981284141540527
47,Left Knee,874.713134765625,567.0118832588196,0.9163700342178345
47,Right Knee,929.798641204834,568.4489464759827,0.8631063103675842
47,Left Ankle,892.0799446105957,693.7426543235779,0.9076592326164246
47,Right Ankle,922.511100769043,705.2223587036133,0.8875808715820312
48,Nose,890.5217742919922,195.00944316387177,0.9966931939125061
48,Left Eye,888.1030082702637,189.4526195526123,0.9967897534370422
48,Right Eye,884.7755813598633,190.69762587547302,0.9968950152397156
48,Left Ear,881.4433479309082,191.8214499950409,0.9966245293617249
48,Right Ear,899.0008163452148,186.8256050348282,0.9960597157478333
48,Left Shoulder,853.6771202087402,274.2636179924011,0.9992887377738953
48,Right Shoulder,958.6608695983887,272.8816258907318,0.9967324733734131
48,Left Elbow,827.8519248962402,350.7424306869507,0.9152913689613342
48,Right Elbow,975.6619262695312,346.51453971862793,0.7933027148246765
48,Left Wrist,805.9257316589355,426.7737865447998,0.5251202583312988
48,Right Wrist,962.9395294189453,378.2058906555176,0.12405846267938614
48,Left Hip,871.0319709777832,447.56392121315,0.9989821910858154
48,Right Hip,938.1887054443359,448.8487422466278,0.9982425570487976
48,Left Knee,874.4849967956543,570.6481218338013,0.9232499599456787
48,Right Knee,929.1172027587891,574.3438410758972,0.8731282949447632
48,Left Ankle,891.7624282836914,691.8348956108093,0.9161624908447266
48,Right Ankle,925.1610946655273,698.971803188324,0.8967918157577515
49,Nose,886.523609161377,203.6154717206955,0.9969413876533508
49,Left Eye,885.0369071960449,198.47639679908752,0.9969898462295532
49,Right Eye,882.0113182067871,199.93896782398224,0.9971015453338623
49,Left Ear,878.9608383178711,201.23989820480347,0.9968398213386536
49,Right Ear,895.7686042785645,195.68222165107727,0.9963102340698242
49,Left Shoulder,852.330436706543,283.7424159049988,0.9993322491645813
49,Right Shoulder,958.5170745849609,280.8318543434143,0.996912956237793
49,Left Elbow,829.7031784057617,360.98198890686035,0.9232288599014282
49,Right Elbow,976.1084747314453,356.100035905838,0.7747490406036377
49,Left Wrist,811.4369773864746,429.64611053466797,0.5624822378158569
49,Right Wrist,961.3791275024414,386.810599565506,0.12211009860038757
49,Left Hip,872.2616958618164,454.92944955825806,0.999014139175415
49,Right Hip,938.3957290649414,454.3781590461731,0.9982938170433044
49,Left Knee,875.1286697387695,571.087532043457,0.9282841682434082
49,Right Knee,929.1192054748535,575.8244204521179,0.8770979046821594
49,Left Ankle,891.2103652954102,693.2763361930847,0.9227941632270813
49,Right Ankle,928.5932350158691,698.2412981987,0.9015350937843323
50,Nose,891.7406272888184,213.41916024684906,0.9971764087677002
50,Left Eye,888.8610076904297,206.9563990831375,0.9972214102745056
50,Right Eye,885.97412109375,207.98701107501984,0.9973236322402954
50,Left Ear,883.165454864502,208.92342925071716,0.9970816373825073
50,Right Ear,898.0654335021973,205.65564572811127,0.9966012239456177
50,Left Shoulder,851.5933227539062,291.3852632045746,0.9993692636489868
50,Right Shoulder,958.8260650634766,290.02432107925415,0.9971098303794861
50,Left Elbow,828.6821937561035,370.86276412010193,0.9301263093948364
50,Right Elbow,979.453239440918,366.7087733745575,0.7823765277862549
50,Left Wrist,826.8401527404785,432.88748502731323,0.5481086373329163
50,Right Wrist,960.2168655395508,402.70790219306946,0.12158996611833572
50,Left Hip,871.2386512756348,463.1230401992798,0.9990528225898743
50,Right Hip,937.6710319519043,460.4055655002594,0.9983317255973816
50,Left Knee,875.0680732727051,576.7816472053528,0.9332394599914551
50,Right Knee,926.2685966491699,578.3506107330322,0.8818308115005493
50,Left Ankle,892.4899864196777,694.8834729194641,0.9256753921508789
50,Right Ankle,930.2494239807129,700.0009346008301,0.9013351202011108
51,Nose,892.3852729797363,225.68267047405243,0.9973951578140259
51,Left Eye,888.9232635498047,217.22988188266754,0.9974381327629089
51,Right Eye,886.0589218139648,218.1153166294098,0.9975296854972839
51,Left Ear,883.2263374328613,218.9627069234848,0.9973052144050598
51,Right Ear,898.4132766723633,216.04897499084473,0.9968734979629517
51,Left Shoulder,851.4645195007324,296.03904604911804,0.9994027614593506
51,Right Shoulder,958.787841796875,295.0397837162018,0.997326672077179
51,Left Elbow,828.25927734375,380.72474241256714,0.9361528158187866
51,Right Elbow,980.2088928222656,370.8299660682678,0.8011396527290344
51,Left Wrist,848.9602661132812,430.8348870277405,0.5106229782104492
51,Right Wrist,959.4966888427734,416.94949865341187,0.1251039355993271
51,Left Hip,871.2220573425293,464.2062771320343,0.9990822672843933
51,Right Hip,937.6555824279785,461.01385831832886,0.9983744621276855
51,Left Knee,874.8407936096191,577.0603179931641,0.9381413459777832
51,Right Knee,925.2141380310059,581.6998744010925,0.889452338218689
51,Left Ankle,895.2568817138672,696.4079546928406,0.9278629422187805
51,Right Ankle,935.1754188537598,701.0679817199707,0.903369665145874
52,Nose,898.6053657531738,234.3816214799881,0.997575044631958
52,Left Eye,892.0941352844238,226.3372153043747,0.9976280927658081
52,Right Eye,888.8994598388672,227.04932570457458,0.9977022409439087
52,Left Ear,885.7533645629883,227.73542940616608,0.997499406337738
52,Right Ear,901.5391159057617,225.67644238471985,0.9971208572387695
52,Left Shoulder,850.8954048156738,303.3696520328522,0.9994162917137146
52,Right Shoulder,958.725414276123,300.08302330970764,0.9975287914276123
52,Left Elbow,826.2228584289551,388.63805294036865,0.9399667382240295
52,Right Elbow,983.8679122924805,378.7371289730072,0.8174992799758911
52,Left Wrist,861.0589027404785,426.6720128059387,0.4645656943321228
52,Right Wrist,959.0525436401367,422.31701731681824,0.12329026311635971
52,Left Hip,871.9090461730957,465.5875611305237,0.9990790486335754
52,Right Hip,938.4637069702148,461.2445068359375,0.9983618259429932
52,Left Knee,874.6596336364746,576.5662550926208,0.9374521970748901
52,Right Knee,924.2562103271484,581.5437698364258,0.8882591128349304
52,Left Ankle,893.8937187194824,696.5255641937256,0.9180986881256104
52,Right Ankle,933.7892532348633,700.3507375717163,0.8923364281654358
53,Nose,901.0755729675293,233.50772559642792,0.9976149797439575
53,Left Eye,893.9011573791504,225.32506227493286,0.9976698756217957
53,Right Eye,890.6869125366211,225.9430432319641,0.9976931214332581
53,Left Ear,887.4744987487793,226.57785773277283,0.9974716901779175
53,Right Ear,902.8696632385254,225.11797428131104,0.9972084760665894
53,Left Shoulder,850.583438873291,302.5317084789276,0.9993438720703125
53,Right Shoulder,959.3071174621582,300.7962763309479,0.9976399540901184
53,Left Elbow,823.9466285705566,386.20259642601013,0.9311429858207703
53,Right Elbow,983.5513687133789,377.0456314086914,0.8249076008796692
53,Left Wrist,862.8497314453125,424.4868063926697,0.42079177498817444
53,Right Wrist,954.5315551757812,420.30845046043396,0.11897636204957962
53,Left Hip,872.7461814880371,461.9311738014221,0.999048113822937
53,Right Hip,938.9301109313965,457.8186070919037,0.998293936252594
53,Left Knee,880.9806632995605,573.4694623947144,0.9196847677230835
53,Right Knee,924.6410179138184,578.9537215232849,0.8451208472251892
53,Left Ankle,893.0431365966797,682.9929399490356,0.9049372673034668
53,Right Ankle,935.4815483093262,683.8777470588684,0.8594558238983154
54,Nose,904.8623657226562,239.77030277252197,0.9972149133682251
54,Left Eye,897.6477241516113,231.0303944349289,0.9973331093788147
54,Right Eye,894.184455871582,231.11538290977478,0.9973058104515076
54,Left Ear,890.7360649108887,231.25101685523987,0.9971345663070679
54,Right Ear,906.7517852783203,231.24107122421265,0.9968839883804321
54,Left Shoulder,850.3277206420898,306.6667413711548,0.9992885589599609
54,Right Shoulder,958.549690246582,300.4727053642273,0.9976383447647095
54,Left Elbow,824.0298843383789,388.8031053543091,0.9309281706809998
54,Right Elbow,983.3720397949219,378.4846580028534,0.836353063583374
54,Left Wrist,868.982105255127,420.4694151878357,0.38197529315948486
54,Right Wrist,954.4413185119629,421.4644932746887,0.11677195876836777
54,Left Hip,874.4986152648926,467.878178358078,0.9989417195320129
54,Right Hip,940.2985382080078,463.66750717163086,0.9979878067970276
54,Left Knee,883.6433601379395,573.7458801269531,0.9206703305244446
54,Right Knee,932.786750793457,576.4530229568481,0.8453462719917297
54,Left Ankle,892.5462913513184,684.8516464233398,0.8998255133628845
54,Right Ankle,934.2779731750488,688.8235902786255,0.8539322018623352
55,Nose,907.0047569274902,240.44420778751373,0.9964631795883179
55,Left Eye,900.0171089172363,232.19047665596008,0.9968274235725403
55,Right Eye,896.5022850036621,232.04887211322784,0.9967227578163147
55,Left Ear,892.9574203491211,231.940838098526,0.9966299533843994
55,Right Ear,908.950080871582,232.77337431907654,0.9962419867515564
55,Left Shoulder,852.0548057556152,305.475035905838,0.9992783069610596
55,Right Shoulder,958.4548187255859,302.42626547813416,0.9976367354393005
55,Left Elbow,826.4267921447754,385.51448106765747,0.9284932017326355
55,Right Elbow,979.8490905761719,376.77069425582886,0.8405962586402893
55,Left Wrist,872.6810646057129,414.65781927108765,0.34683895111083984
55,Right Wrist,953.2784843444824,420.96766233444214,0.11142837256193161
55,Left Hip,875.2598762512207,466.5674149990082,0.9989097714424133
55,Right Hip,940.6481552124023,462.86863803863525,0.9978460073471069
55,Left Knee,883.8579940795898,576.6952586174011,0.9159643054008484
55,Right Knee,933.5839462280273,582.7234697341919,0.82864910364151
55,Left Ankle,892.1074104309082,687.2890663146973,0.888217031955719
55,Right Ankle,933.6678886413574,689.6257424354553,0.8357025980949402
56,Nose,907.2007369995117,242.45485067367554,0.9960460066795349
56,Left Eye,900.4983901977539,233.67627024650574,0.9963877201080322
56,Right Eye,896.8825149536133,233.49842369556427,0.9961894750595093
56,Left Ear,893.2514762878418,233.34632635116577,0.9960456490516663
56,Right Ear,910.0863647460938,233.9974594116211,0.9959809184074402
56,Left Shoulder,853.9496040344238,307.4710178375244,0.9991596937179565
56,Right Shoulder,958.4351921081543,303.8264751434326,0.9975602626800537
56,Left Elbow,831.0691452026367,384.79289174079895,0.9226442575454712
56,Right Elbow,978.0442428588867,378.33975434303284,0.8315638303756714
56,Left Wrist,867.8772354125977,387.96471118927,0.3147367835044861
56,Right Wrist,953.078784942627,421.91693902015686,0.10339457541704178
56,Left Hip,877.7497673034668,467.34665036201477,0.9986612200737
56,Right Hip,940.9303665161133,465.81511974334717,0.9973883032798767
56,Left Knee,883.0199432373047,576.5073537826538,0.9180157780647278
56,Right Knee,935.3163528442383,582.8685665130615,0.8168103098869324
56,Left Ankle,892.6995849609375,688.4376740455627,0.8847925662994385
56,Right Ankle,930.252628326416,690.976095199585,0.8214530944824219
57,Nose,909.2301177978516,241.28467798233032,0.9954482316970825
57,Left Eye,902.5079727172852,232.93662428855896,0.9957849979400635
57,Right Eye,898.5487747192383,233.18790435791016,0.9955633282661438
57,Left Ear,894.5868301391602,233.51934492588043,0.99537593126297
57,Right Ear,912.7187347412109,232.85247266292572,0.9955014586448669
57,Left Shoulder,853.8433456420898,310.84197521209717,0.9991151094436646
57,Right Shoulder,958.4836006164551,305.600209236145,0.9976194500923157
57,Left Elbow,838.2503128051758,384.4287979602814,0.9133855104446411
57,Right Elbow,977.6819229125977,379.4758093357086,0.8338984847068787
57,Left Wrist,872.2953414916992,391.3289737701416,0.28576841950416565
57,Right Wrist,960.6322860717773,431.7622125148773,0.10252838581800461
57,Left Hip,879.2704582214355,467.66314029693604,0.9985809326171875
57,Right Hip,941.4246940612793,465.64276099205017,0.9972042441368103
57,Left Knee,883.304328918457,576.8601822853088,0.9207003116607666
57,Right Knee,937.8366851806641,581.8944096565247,0.8089051246643066
57,Left Ankle,892.7036476135254,690.0902581214905,0.8850583434104919
57,Right Ankle,929.9210357666016,691.1604595184326,0.8171693682670593
