Frame,Keypoint,X,Y,Confidence
1,Nose,386.237370967865,391.812801361084,0.9999340772628784
1,Left Eye,373.0088233947754,372.71702885627747,0.9998798370361328
1,Right Eye,373.1231361627579,371.1635148525238,0.9998742341995239
1,Left Ear,372.55626022815704,369.16338086128235,0.9999080896377563
1,Right Ear,361.7335259914398,376.743528842926,0.9998527765274048
1,Left Shoulder,352.8817117214203,456.0753858089447,0.9999456405639648
1,Right Shoulder,263.1538435816765,514.2783772945404,0.9998395442962646
1,Left Elbow,492.31594800949097,590.8962678909302,0.7277893424034119
1,Right Elbow,456.29159212112427,666.1425304412842,0.9912945628166199
1,Left Wrist,683.7119102478027,646.2486934661865,0.7272553443908691
1,Right Wrist,660.8582735061646,700.0679469108582,0.9648343920707703
1,Left Hip,467.56702065467834,674.0382671356201,0.9992749094963074
1,Right Hip,412.1605694293976,760.4847264289856,0.9993022680282593
1,Left Knee,751.3441562652588,619.2256736755371,0.776698887348175
1,Right Knee,737.9755616188049,704.6599960327148,0.9626414775848389
1,Left Ankle,818.8638925552368,775.2143669128418,0.6482571959495544
1,Right Ankle,769.9100971221924,883.9004802703857,0.9273903965950012
2,Nose,385.0406438112259,393.54018688201904,0.9999266862869263
2,Left Eye,370.2743649482727,373.8135266304016,0.9998559355735779
2,Right Eye,369.4956809282303,372.5580596923828,0.9998474717140198
2,Left Ear,367.83239245414734,370.9373724460602,0.9998914003372192
2,Right Ear,359.71025228500366,377.497079372406,0.9998305439949036
2,Left Shoulder,344.7197735309601,441.96298599243164,0.999943733215332
2,Right Shoulder,262.59860545396805,523.3347916603088,0.9998417496681213
2,Left Elbow,473.95620942115784,573.3416175842285,0.7227029204368591
2,Right Elbow,456.2848061323166,666.1526370048523,0.9917914867401123
2,Left Wrist,666.850072145462,647.068612575531,0.7161489129066467
2,Right Wrist,660.8832538127899,700.3301382064819,0.9665423631668091
2,Left Hip,471.37491106987,666.886875629425,0.9992778897285461
2,Right Hip,416.0522520542145,750.7324719429016,0.9993035793304443
2,Left Knee,758.7695360183716,632.9610085487366,0.7706856727600098
2,Right Knee,744.1839873790741,713.1825971603394,0.9618571400642395
2,Left Ankle,818.8008189201355,825.0147485733032,0.6373530030250549
2,Right Ankle,769.941633939743,885.0027394294739,0.9260863065719604
3,Nose,385.06165742874146,395.0498950481415,0.9999226927757263
3,Left Eye,370.32173573970795,374.8714005947113,0.9998418092727661
3,Right Eye,369.4887965917587,373.7931203842163,0.9998313784599304
3,Left Ear,367.67198741436005,372.46912837028503,0.9998813271522522
3,Right Ear,360.0359797477722,378.1606686115265,0.999819278717041
3,Left Shoulder,340.3652012348175,439.5325183868408,0.9999434947967529
3,Right Shoulder,262.4839812517166,525.590808391571,0.9998482465744019
3,Left Elbow,471.6303527355194,567.7020907402039,0.7165974378585815
3,Right Elbow,456.6508561372757,665.8639883995056,0.9923035502433777
3,Left Wrist,637.9404485225677,629.4215226173401,0.710105836391449
3,Right Wrist,660.9075129032135,701.8698763847351,0.9686289429664612
3,Left Hip,475.05717873573303,662.3843693733215,0.99925297498703
3,Right Hip,421.887743473053,744.9663877487183,0.99928879737854
3,Left Knee,751.0162651538849,637.8792357444763,0.7680692076683044
3,Right Knee,746.6432690620422,722.7862787246704,0.9608376622200012
3,Left Ankle,811.2104773521423,813.245108127594,0.6336914300918579
3,Right Ankle,771.1757004261017,891.051549911499,0.9256951808929443
4,Nose,379.15827333927155,393.54292273521423,0.9999148845672607
4,Left Eye,360.85803508758545,373.53257060050964,0.999823272228241
4,Right Eye,359.02165472507477,372.7810800075531,0.9998123645782471
4,Left Ear,356.5400153398514,371.7868387699127,0.9998674392700195
4,Right Ear,352.9704213142395,376.56022667884827,0.9998006820678711
4,Left Shoulder,340.2746230363846,440.69055676460266,0.9999353289604187
4,Right Shoulder,261.0578253865242,525.8809697628021,0.9998480081558228
4,Left Elbow,463.42501044273376,567.5067186355591,0.6955475807189941
4,Right Elbow,448.69980812072754,663.7082648277283,0.9925621151924133
4,Left Wrist,638.135439157486,638.7109994888306,0.6825854182243347
4,Right Wrist,655.3487062454224,701.2128853797913,0.9688926339149475
4,Left Hip,477.3012101650238,661.8189811706543,0.999236524105072
4,Right Hip,421.51264548301697,742.471354007721,0.9992649555206299
4,Left Knee,755.7653427124023,631.4817810058594,0.7669257521629333
4,Right Knee,746.532529592514,721.5039682388306,0.9616901278495789
4,Left Ankle,811.4115655422211,821.1424541473389,0.6345113515853882
4,Right Ankle,788.2247924804688,889.4101667404175,0.9274497032165527
5,Nose,379.4450879096985,394.5329475402832,0.9999135732650757
5,Left Eye,361.938351392746,374.3804919719696,0.9998183250427246
5,Right Eye,359.4037026166916,373.6362111568451,0.9998081922531128
5,Left Ear,357.20789432525635,372.70891785621643,0.9998641610145569
5,Right Ear,354.646560549736,377.1956205368042,0.9997930526733398
5,Left Shoulder,340.53842425346375,441.161413192749,0.9999343752861023
5,Right Shoulder,256.5704017877579,525.3412020206451,0.9998495578765869
5,Left Elbow,468.1771695613861,569.6917963027954,0.6964253187179565
5,Right Elbow,440.1074022054672,662.9577398300171,0.9925430417060852
5,Left Wrist,640.7542407512665,639.236798286438,0.6833860278129578
5,Right Wrist,652.5299966335297,701.2672162055969,0.9690783023834229
5,Left Hip,479.77583408355713,662.0191812515259,0.999234676361084
5,Right Hip,421.17668986320496,740.9562063217163,0.9992525577545166
5,Left Knee,751.6629993915558,643.3901453018188,0.7597194910049438
5,Right Knee,746.6712653636932,720.7103776931763,0.9618515968322754
5,Left Ankle,814.8909747600555,825.5709958076477,0.6310874223709106
5,Right Ankle,786.2510859966278,886.538679599762,0.9285058975219727
6,Nose,381.80172741413116,394.5620119571686,0.9999139308929443
6,Left Eye,365.5298113822937,374.40476059913635,0.9998175501823425
6,Right Eye,362.9485785961151,373.65835547447205,0.9998077154159546
6,Left Ear,360.1163297891617,372.74258494377136,0.99986332654953
6,Right Ear,357.4248820543289,377.2379779815674,0.9997912049293518
6,Left Shoulder,349.8892545700073,446.8556249141693,0.9999321699142456
6,Right Shoulder,256.74082189798355,524.9450182914734,0.9998481273651123
6,Left Elbow,488.1585955619812,569.8905158042908,0.6973013877868652
6,Right Elbow,440.7828539609909,661.1385583877563,0.9924836754798889
6,Left Wrist,686.6970241069794,648.8986086845398,0.6849234104156494
6,Right Wrist,655.9623301029205,701.9447422027588,0.9685851335525513
6,Left Hip,483.95295441150665,661.313910484314,0.9992489814758301
6,Right Hip,425.85000693798065,739.8814988136292,0.9992565512657166
6,Left Knee,755.9308290481567,652.5446963310242,0.7546144723892212
6,Right Knee,752.998822927475,721.080973148346,0.96241694688797
6,Left Ankle,818.3616638183594,826.8407535552979,0.6272363662719727
6,Right Ankle,800.226354598999,885.2527642250061,0.9278984665870667
7,Nose,383.06795358657837,395.0574266910553,0.9999111890792847
7,Left Eye,366.7961359024048,374.53933238983154,0.999809205532074
7,Right Eye,363.8225942850113,373.77812147140503,0.999799907207489
7,Left Ear,360.20536720752716,372.8695285320282,0.9998565316200256
7,Right Ear,358.6677014827728,377.26884484291077,0.9997822046279907
7,Left Shoulder,350.00868141651154,447.0134997367859,0.9999276995658875
7,Right Shoulder,256.8174675107002,524.6445894241333,0.9998487830162048
7,Left Elbow,488.0356937646866,570.41663646698,0.6926103234291077
7,Right Elbow,442.1600818634033,659.9408984184265,0.9926019310951233
7,Left Wrist,685.694009065628,649.1541051864624,0.6803571581840515
7,Right Wrist,655.9637069702148,700.3786110877991,0.96926349401474
7,Left Hip,487.3918443918228,660.4732632637024,0.9992232918739319
7,Right Hip,429.66363430023193,738.0909633636475,0.9992249608039856
7,Left Knee,766.0968959331512,645.0675773620605,0.7597630023956299
7,Right Knee,752.4709582328796,721.6588497161865,0.9632289409637451
7,Left Ankle,812.5598728656769,824.68097448349,0.6336942315101624
7,Right Ankle,798.223602771759,880.1671028137207,0.9291574954986572
8,Nose,388.4006589651108,394.4907510280609,0.9999141693115234
8,Left Eye,373.91378581523895,373.9384424686432,0.9998151659965515
8,Right Eye,371.1642473936081,373.17591190338135,0.9998064637184143
8,Left Ear,367.3331141471863,372.31093168258667,0.9998608827590942
8,Right Ear,365.66018760204315,376.70599937438965,0.9997897744178772
8,Left Shoulder,351.5968322753906,449.3248772621155,0.9999250173568726
8,Right Shoulder,257.1178212761879,524.5521175861359,0.9998543858528137
8,Left Elbow,488.4243309497833,570.8172297477722,0.6905165314674377
8,Right Elbow,443.1778162717819,659.3010950088501,0.992804765701294
8,Left Wrist,685.8924746513367,652.5178527832031,0.6782208681106567
8,Right Wrist,656.0576617717743,699.1529488563538,0.9700540900230408
8,Left Hip,488.7210786342621,659.9193334579468,0.9992048144340515
8,Right Hip,429.8083692789078,737.7056264877319,0.9992294907569885
8,Left Knee,775.5899369716644,638.2168078422546,0.7595798969268799
8,Right Knee,757.2313785552979,720.8960294723511,0.9644172787666321
8,Left Ankle,812.6247823238373,823.7229752540588,0.63405841588974
8,Right Ankle,794.0726101398468,880.0760793685913,0.9306941032409668
9,Nose,394.32145059108734,394.29338335990906,0.9999165534973145
9,Left Eye,381.0025542974472,373.77763867378235,0.9998204708099365
9,Right Eye,378.4370571374893,373.0478096008301,0.9998120665550232
9,Left Ear,374.5583236217499,372.23085165023804,0.9998650550842285
9,Right Ear,372.9132294654846,376.54999136924744,0.9997954368591309
9,Left Shoulder,351.97022557258606,453.6795508861542,0.9999229907989502
9,Right Shoulder,258.724182844162,524.3143236637115,0.9998571872711182
9,Left Elbow,488.8051003217697,574.7981858253479,0.683866560459137
9,Right Elbow,443.48246455192566,658.2860612869263,0.9927899837493896
9,Left Wrist,685.9652519226074,657.1267676353455,0.671291708946228
9,Right Wrist,656.4206957817078,699.0565180778503,0.970250129699707
9,Left Hip,488.1860673427582,659.5486092567444,0.9991957545280457
9,Right Hip,430.4293692111969,738.0189943313599,0.9992247223854065
9,Left Knee,772.7442145347595,637.7881479263306,0.7558881044387817
9,Right Knee,756.8491995334625,706.7870736122131,0.9647153615951538
9,Left Ankle,823.1859445571899,821.2377262115479,0.6323979496955872
9,Right Ankle,792.3121869564056,880.3860354423523,0.9311445355415344
10,Nose,396.14734053611755,394.3861770629883,0.9999188184738159
10,Left Eye,383.37961733341217,373.89103174209595,0.9998239874839783
10,Right Eye,380.99121153354645,373.18830370903015,0.9998160004615784
10,Left Ear,377.3248106241226,372.4011826515198,0.9998677968978882
10,Right Ear,375.25344491004944,376.61983609199524,0.999799370765686
10,Left Shoulder,352.33129262924194,456.42805337905884,0.9999232292175293
10,Right Shoulder,259.1705992817879,522.1693825721741,0.9998603463172913
10,Left Elbow,492.8497791290283,576.2263011932373,0.6879379749298096
10,Right Elbow,442.7318423986435,657.0573735237122,0.9926820397377014
10,Left Wrist,685.4701042175293,649.0514302253723,0.6773777604103088
10,Right Wrist,656.2061011791229,699.065465927124,0.9703626036643982
10,Left Hip,489.54293727874756,660.8916878700256,0.9991860389709473
10,Right Hip,433.4662467241287,738.4937453269958,0.9992161393165588
10,Left Knee,770.1547205448151,639.6053338050842,0.7479621767997742
10,Right Knee,757.8895211219788,699.1179943084717,0.9645006060600281
10,Left Ankle,824.3641495704651,825.8817887306213,0.6256266832351685
10,Right Ankle,791.2712752819061,883.8413214683533,0.9302805066108704
11,Nose,398.26283156871796,394.3602669239044,0.9999213218688965
11,Left Eye,385.6081426143646,373.8403058052063,0.9998283982276917
11,Right Eye,383.3475887775421,373.1612992286682,0.9998207092285156
11,Left Ear,379.86981868743896,372.3946166038513,0.9998711347579956
11,Right Ear,377.4464339017868,376.41316652297974,0.9998041987419128
11,Left Shoulder,352.3341119289398,461.04742884635925,0.9999220967292786
11,Right Shoulder,259.21303629875183,521.6287779808044,0.9998621344566345
11,Left Elbow,499.8366594314575,580.4431843757629,0.6916637420654297
11,Right Elbow,443.2411193847656,657.3164105415344,0.9926042556762695
11,Left Wrist,686.0254406929016,647.0744061470032,0.6815483570098877
11,Right Wrist,657.6538443565369,699.0987467765808,0.9705012440681458
11,Left Hip,489.1331881284714,661.9418048858643,0.9991915225982666
11,Right Hip,432.83475637435913,738.7046313285828,0.9992139339447021
11,Left Knee,766.7051434516907,639.7513961791992,0.743091344833374
11,Right Knee,758.6365044116974,697.8902721405029,0.9649952054023743
11,Left Ankle,829.3057918548584,829.9038791656494,0.6230010390281677
11,Right Ankle,790.961742401123,886.8704581260681,0.9305598735809326
12,Nose,397.7491945028305,392.17422366142273,0.999920129776001
12,Left Eye,385.356929898262,371.88841938972473,0.9998229146003723
12,Right Eye,382.29100704193115,371.35908007621765,0.9998157024383545
12,Left Ear,378.0201941728592,370.7070457935333,0.9998667240142822
12,Right Ear,376.66397988796234,373.6963677406311,0.9997994303703308
12,Left Shoulder,354.5998126268387,460.8563697338104,0.9999163150787354
12,Right Shoulder,259.03442054986954,520.3808104991913,0.9998631477355957
12,Left Elbow,498.745197057724,580.2155613899231,0.6905011534690857
12,Right Elbow,441.5742576122284,655.277202129364,0.9926412105560303
12,Left Wrist,682.5853049755096,635.9848022460938,0.6818585395812988
12,Right Wrist,657.2392106056213,698.1802082061768,0.9710757732391357
12,Left Hip,491.0880446434021,662.0181512832642,0.9991627335548401
12,Right Hip,433.3984524011612,739.065055847168,0.9991905689239502
12,Left Knee,763.0321860313416,639.4317841529846,0.7377362251281738
12,Right Knee,759.7249507904053,698.8812303543091,0.965418815612793
12,Left Ankle,828.4464299678802,830.9855389595032,0.6208614706993103
12,Right Ankle,789.959841966629,887.1470046043396,0.9311560392379761
13,Nose,397.5526303052902,392.1078550815582,0.9999157786369324
13,Left Eye,383.19331407546997,371.6000282764435,0.9998108744621277
13,Right Eye,379.7830104827881,371.0256600379944,0.9998047947883606
13,Left Ear,375.51819682121277,370.35064458847046,0.999857485294342
13,Right Ear,376.2008607387543,373.37064027786255,0.9997850656509399
13,Left Shoulder,355.99579215049744,460.07134079933167,0.9999106526374817
13,Right Shoulder,260.1399466395378,519.165769815445,0.99986332654953
13,Left Elbow,497.7453291416168,578.1636714935303,0.6828263401985168
13,Right Elbow,441.90296828746796,654.6122932434082,0.9926828145980835
13,Left Wrist,676.9052684307098,631.1149835586548,0.6739557385444641
13,Right Wrist,656.6625654697418,698.1957864761353,0.9714335799217224
13,Left Hip,491.70884788036346,660.2233672142029,0.9991470575332642
13,Right Hip,434.188249707222,738.5737609863281,0.9991716146469116
13,Left Knee,766.6153848171234,628.8131332397461,0.7391318082809448
13,Right Knee,760.9731137752533,708.133692741394,0.9657973647117615
13,Left Ankle,823.2743263244629,800.5448269844055,0.6224415898323059
13,Right Ankle,789.6861732006073,885.995306968689,0.9298632144927979
14,Nose,392.4407482147217,392.6922655105591,0.9999149441719055
14,Left Eye,379.5381247997284,371.95568919181824,0.9998083710670471
14,Right Eye,376.3484477996826,371.31417989730835,0.9998031854629517
14,Left Ear,372.62067794799805,370.61354398727417,0.9998554587364197
14,Right Ear,374.4869887828827,373.7075686454773,0.9997799396514893
14,Left Shoulder,355.2100270986557,459.9929666519165,0.9999095797538757
14,Right Shoulder,261.28084510564804,519.0984034538269,0.9998657703399658
14,Left Elbow,491.5601134300232,578.4270858764648,0.6758853197097778
14,Right Elbow,442.04331040382385,654.6554231643677,0.9926775097846985
14,Left Wrist,668.533718585968,636.6658043861389,0.668933093547821
14,Right Wrist,656.7633390426636,698.2095623016357,0.9715980291366577
14,Left Hip,491.35148525238037,660.3205060958862,0.9991439580917358
14,Right Hip,434.92575883865356,738.7164115905762,0.9991657137870789
14,Left Knee,756.2343955039978,631.8384718894958,0.7419052124023438
14,Right Knee,757.9623639583588,708.7367391586304,0.9663921594619751
14,Left Ankle,819.399756193161,793.0334615707397,0.6287354230880737
14,Right Ankle,789.4579410552979,882.8399348258972,0.9299644827842712
15,Nose,392.4571394920349,393.5730171203613,0.9999157786369324
15,Left Eye,379.414501786232,372.9864299297333,0.999810516834259
15,Right Eye,376.30527317523956,372.3267352581024,0.9998066425323486
15,Left Ear,372.5923538208008,371.6086542606354,0.9998572468757629
15,Right Ear,374.4545668363571,374.3237793445587,0.9997807741165161
15,Left Shoulder,354.69999611377716,460.6153893470764,0.999907910823822
15,Right Shoulder,264.1159623861313,516.6104829311371,0.999869704246521
15,Left Elbow,485.25235652923584,579.7892189025879,0.6650808453559875
15,Right Elbow,438.57131004333496,653.6643362045288,0.992754340171814
15,Left Wrist,658.4720313549042,637.0765686035156,0.6612831950187683
15,Right Wrist,655.7121992111206,696.9074249267578,0.9720507264137268
15,Left Hip,489.1638070344925,660.8934903144836,0.9991353750228882
15,Right Hip,434.8143309354782,738.4783601760864,0.9991506338119507
15,Left Knee,756.1840415000916,623.2561326026917,0.7429234385490417
15,Right Knee,744.7039186954498,696.5880703926086,0.9672092199325562
15,Left Ankle,819.4067716598511,791.4704847335815,0.6360068321228027
15,Right Ankle,785.1571977138519,875.9689521789551,0.9312155246734619
16,Nose,391.1823570728302,393.85133385658264,0.9999094605445862
16,Left Eye,378.81343364715576,373.4130299091339,0.9997977018356323
16,Right Eye,375.7711797952652,372.73234963417053,0.9997961521148682
16,Left Ear,372.29465544223785,372.0127236843109,0.9998476505279541
16,Right Ear,374.1398215293884,374.6731638908386,0.9997648596763611
16,Left Shoulder,355.59010803699493,458.6463475227356,0.9999029636383057
16,Right Shoulder,264.81357514858246,515.215744972229,0.9998725652694702
16,Left Elbow,482.6519787311554,578.0873894691467,0.6532363295555115
16,Right Elbow,437.02757954597473,650.629985332489,0.9927740097045898
16,Left Wrist,653.9728224277496,637.0716762542725,0.6482214331626892
16,Right Wrist,653.4315168857574,694.1845750808716,0.972305953502655
16,Left Hip,488.7577295303345,660.3726482391357,0.9991070628166199
16,Right Hip,432.9678535461426,735.4978251457214,0.9991188645362854
16,Left Knee,756.6011667251587,623.768413066864,0.7434951663017273
16,Right Knee,735.4270458221436,696.1167311668396,0.967585563659668
16,Left Ankle,817.0179724693298,787.9235315322876,0.6393720507621765
16,Right Ankle,792.930793762207,876.5264868736267,0.9301719665527344
17,Nose,400.6299287080765,394.26847100257874,0.9999057054519653
17,Left Eye,387.5498205423355,373.9233148097992,0.9997899532318115
17,Right Eye,385.00700891017914,373.3097755908966,0.9997907876968384
17,Left Ear,382.14991092681885,372.6776325702667,0.999842643737793
17,Right Ear,383.4449529647827,374.9627459049225,0.9997546672821045
17,Left Shoulder,358.10174345970154,458.5754406452179,0.9998958110809326
17,Right Shoulder,266.40720069408417,511.8820595741272,0.9998743534088135
17,Left Elbow,482.9414486885071,579.6468257904053,0.6368904709815979
17,Right Elbow,434.21309888362885,649.0493059158325,0.9924885630607605
17,Left Wrist,653.7182331085205,638.1602239608765,0.6324651837348938
17,Right Wrist,646.8867421150208,693.7505722045898,0.9717182517051697
17,Left Hip,487.01517283916473,660.4310345649719,0.9991046190261841
17,Right Hip,430.57262897491455,733.7533164024353,0.9991022944450378
17,Left Knee,746.7146694660187,624.3569111824036,0.7405980825424194
17,Right Knee,730.3675830364227,688.5512280464172,0.9683200120925903
17,Left Ankle,826.3705730438232,803.94455909729,0.6428231596946716
17,Right Ankle,780.9753239154816,870.8543872833252,0.9313753843307495
18,Nose,401.6142249107361,396.79890990257263,0.9999045729637146
18,Left Eye,389.65482115745544,376.12651348114014,0.999787449836731
18,Right Eye,386.88358068466187,375.37386417388916,0.9997899532318115
18,Left Ear,383.81316661834717,374.63801622390747,0.9998411536216736
18,Right Ear,386.46337389945984,376.93536043167114,0.999750554561615
18,Left Shoulder,356.34351670742035,453.73944997787476,0.9998950362205505
18,Right Shoulder,268.9858928322792,508.1404745578766,0.9998798966407776
18,Left Elbow,483.02540481090546,576.9314432144165,0.6260883212089539
18,Right Elbow,433.2277864217758,645.2728629112244,0.9923697113990784
18,Left Wrist,655.2882552146912,649.5249581336975,0.6218007802963257
18,Right Wrist,645.7834780216217,693.1260895729065,0.971912682056427
18,Left Hip,485.7324242591858,659.8902368545532,0.9991282224655151
18,Right Hip,430.12458980083466,733.2609272003174,0.9991198182106018
18,Left Knee,735.7378900051117,622.0043349266052,0.7460216283798218
18,Right Knee,729.7898232936859,687.6744675636292,0.9694084525108337
18,Left Ankle,825.5216360092163,785.766327381134,0.652559220790863
18,Right Ankle,777.7931869029999,871.2717175483704,0.9326690435409546
19,Nose,405.81206381320953,407.2827959060669,0.9999064803123474
19,Left Eye,396.8666881322861,384.3578588962555,0.9997916221618652
19,Right Eye,393.99159252643585,383.09553623199463,0.9997949004173279
19,Left Ear,390.8612847328186,381.8555510044098,0.9998446106910706
19,Right Ear,393.7420845031738,385.11234283447266,0.9997531771659851
19,Left Shoulder,358.531653881073,455.68512439727783,0.9998963475227356
19,Right Shoulder,272.5936949253082,507.6832330226898,0.9998836517333984
19,Left Elbow,489.37250077724457,580.9057688713074,0.6212968230247498
19,Right Elbow,436.7700397968292,644.6783781051636,0.9918609857559204
19,Left Wrist,671.5611219406128,652.9762530326843,0.6175402998924255
19,Right Wrist,646.1387097835541,693.6657285690308,0.9706823229789734
19,Left Hip,482.19931721687317,659.9171447753906,0.9991580247879028
19,Right Hip,429.9940824508667,733.112804889679,0.9991369843482971
19,Left Knee,734.3375504016876,622.5085687637329,0.7433786392211914
19,Right Knee,729.1211903095245,688.2086992263794,0.9697691798210144
19,Left Ankle,823.4865605831146,788.2311058044434,0.6574465036392212
19,Right Ankle,777.695232629776,874.3320107460022,0.9339751601219177
20,Nose,405.8943808078766,410.7377278804779,0.9999040365219116
20,Left Eye,397.4760502576828,387.23639488220215,0.9997841119766235
20,Right Eye,395.02280056476593,385.93573808670044,0.9997884631156921
20,Left Ear,392.3567920923233,384.6215629577637,0.9998388886451721
20,Right Ear,393.6094135046005,387.8601372241974,0.9997427463531494
20,Left Shoulder,361.99978590011597,457.1126925945282,0.9998919367790222
20,Right Shoulder,275.3970295190811,506.12753033638,0.999885618686676
20,Left Elbow,498.359215259552,586.3373708724976,0.613223135471344
20,Right Elbow,448.1368660926819,642.3939085006714,0.9911887645721436
20,Left Wrist,677.8005599975586,650.7755327224731,0.609040379524231
20,Right Wrist,650.5467176437378,694.939284324646,0.9687554836273193
20,Left Hip,482.4370890855789,659.2546820640564,0.9991651773452759
20,Right Hip,431.5909206867218,731.1675810813904,0.9991364479064941
20,Left Knee,732.4995636940002,622.8040409088135,0.737487256526947
20,Right Knee,730.2197992801666,694.0797758102417,0.9696221947669983
20,Left Ankle,830.7391107082367,811.8453812599182,0.65605229139328
20,Right Ankle,777.6254713535309,880.037841796875,0.9335577487945557
21,Nose,412.05176413059235,411.7340612411499,0.999897301197052
21,Left Eye,403.295773267746,387.618545293808,0.9997691512107849
21,Right Eye,401.0588228702545,386.48078441619873,0.9997744560241699
21,Left Ear,398.50224256515503,385.3115773200989,0.9998275637626648
21,Right Ear,398.01519215106964,387.97887325286865,0.999723494052887
21,Left Shoulder,367.86648631095886,463.5791552066803,0.9998846054077148
21,Right Shoulder,277.15483009815216,504.8342442512512,0.9998845458030701
21,Left Elbow,513.0203276872635,593.2607531547546,0.6054710745811462
21,Right Elbow,458.7266147136688,641.7705845832825,0.9902886748313904
21,Left Wrist,689.4611179828644,650.571277141571,0.5978525876998901
21,Right Wrist,660.2733671665192,696.6981482505798,0.9661369919776917
21,Left Hip,482.920303940773,659.648323059082,0.9991815686225891
21,Right Hip,432.4485123157501,731.3885736465454,0.999141275882721
21,Left Knee,732.4041664600372,623.0331444740295,0.7333816289901733
21,Right Knee,731.4850747585297,696.0091638565063,0.9698011875152588
21,Left Ankle,836.1020743846893,817.0196199417114,0.6574734449386597
21,Right Ankle,777.5803625583649,885.4077100753784,0.9341868758201599
22,Nose,416.5780186653137,412.64127016067505,0.9998986124992371
22,Left Eye,408.22364687919617,388.3824920654297,0.9997721314430237
22,Right Eye,406.3017040491104,387.1179163455963,0.999778151512146
22,Left Ear,404.13671135902405,385.83550930023193,0.9998295307159424
22,Right Ear,402.95968651771545,388.94630312919617,0.9997256994247437
22,Left Shoulder,371.2405323982239,461.8645477294922,0.9998876452445984
22,Right Shoulder,282.50533640384674,503.97261142730713,0.9998889565467834
22,Left Elbow,510.4586333036423,591.5652322769165,0.6127732396125793
22,Right Elbow,461.56181395053864,639.2104053497314,0.9900187849998474
22,Left Wrist,687.7334117889404,634.9757552146912,0.6020625233650208
22,Right Wrist,660.9328866004944,696.693320274353,0.9657707810401917
22,Left Hip,483.0466151237488,659.3199563026428,0.9992051124572754
22,Right Hip,433.71057510375977,731.3803339004517,0.9991616010665894
22,Left Knee,723.5498607158661,617.2946763038635,0.7299525737762451
22,Right Knee,732.2759211063385,694.285318851471,0.9694191217422485
22,Left Ankle,830.3457856178284,795.557849407196,0.65705406665802
22,Right Ankle,777.5431871414185,888.059492111206,0.9342209100723267
23,Nose,426.3869196176529,415.93658924102783,0.9998947381973267
23,Left Eye,420.13823688030243,390.3067624568939,0.9997648596763611
23,Right Eye,418.40233504772186,388.9333641529083,0.9997724294662476
23,Left Ear,416.5371388196945,387.526878118515,0.9998238682746887
23,Right Ear,414.4111901521683,390.38001894950867,0.9997153282165527
23,Left Shoulder,382.2914332151413,461.70853972435,0.9998858571052551
23,Right Shoulder,292.18048453330994,499.8414731025696,0.9998902082443237
23,Left Elbow,526.0957151651382,585.4369854927063,0.6144821047782898
23,Right Elbow,466.8616384267807,636.8564772605896,0.9892092347145081
23,Left Wrist,708.8150858879089,648.2843613624573,0.597996175289154
23,Right Wrist,664.1804575920105,696.5994000434875,0.9629598259925842
23,Left Hip,483.58801901340485,662.2723603248596,0.9992176294326782
23,Right Hip,434.74119305610657,731.5398502349854,0.9991674423217773
23,Left Knee,726.5535295009613,618.0313611030579,0.728688657283783
23,Right Knee,732.9403579235077,693.068733215332,0.9695715308189392
23,Left Ankle,824.9870836734772,791.6919279098511,0.6566663980484009
23,Right Ankle,776.8642604351044,888.4804916381836,0.9335941672325134
24,Nose,434.734570980072,419.53758358955383,0.9998956322669983
24,Left Eye,430.22329807281494,393.1024181842804,0.9997652173042297
24,Right Eye,428.2000571489334,391.54809951782227,0.9997734427452087
24,Left Ear,425.97625255584717,389.97382521629333,0.9998244643211365
24,Right Ear,425.6403625011444,392.9446077346802,0.9997155070304871
24,Left Shoulder,388.53578865528107,459.4257438182831,0.999888002872467
24,Right Shoulder,302.44689881801605,493.60701084136963,0.9998944401741028
24,Left Elbow,535.0857079029083,576.7531299591064,0.6208351254463196
24,Right Elbow,479.0068209171295,633.8811564445496,0.9888968467712402
24,Left Wrist,721.8832612037659,649.2030930519104,0.6012323498725891
24,Right Wrist,671.3632464408875,695.4213094711304,0.9614704251289368
24,Left Hip,489.33001458644867,662.4607157707214,0.9992504715919495
24,Right Hip,439.3737941980362,731.3083004951477,0.9991989135742188
24,Left Knee,731.0320198535919,623.1576418876648,0.7255743145942688
24,Right Knee,742.5065696239471,691.9096326828003,0.969761073589325
24,Left Ankle,820.5192804336548,796.6980242729187,0.6591600775718689
24,Right Ankle,778.3375084400177,890.4053735733032,0.9336057305335999
25,Nose,441.45204424858093,428.53306889533997,0.9998871088027954
25,Left Eye,439.4257217645645,399.6261405944824,0.9997430443763733
25,Right Eye,438.3009195327759,398.0715000629425,0.9997529983520508
25,Left Ear,437.0017796754837,396.5516209602356,0.9998079538345337
25,Right Ear,432.93759524822235,398.4457004070282,0.9996876120567322
25,Left Shoulder,401.99630558490753,464.4810211658478,0.9998880624771118
25,Right Shoulder,309.09759402275085,490.3199315071106,0.9998952150344849
25,Left Elbow,541.0976022481918,590.0457715988159,0.6307612061500549
25,Right Elbow,476.933553814888,632.2888898849487,0.987654447555542
25,Left Wrist,728.7526488304138,651.4293050765991,0.6095490455627441
25,Right Wrist,670.0406014919281,694.4842958450317,0.9563546776771545
25,Left Hip,490.841880440712,665.2438831329346,0.9992666840553284
25,Right Hip,439.14071023464203,731.398229598999,0.9991954565048218
25,Left Knee,739.7391974925995,632.2034025192261,0.7077057361602783
25,Right Knee,742.1886444091797,692.0686984062195,0.968106210231781
25,Left Ankle,831.1208307743073,830.0667428970337,0.6451597809791565
25,Right Ankle,778.3863544464111,892.0083904266357,0.9305331110954285
26,Nose,449.21659231185913,430.2451014518738,0.9998893737792969
26,Left Eye,448.5129475593567,402.6455247402191,0.9997456669807434
26,Right Eye,446.89811170101166,401.10440254211426,0.9997548460960388
26,Left Ear,444.93646919727325,399.4905710220337,0.9998100399971008
26,Right Ear,442.6764726638794,401.08760118484497,0.9996921420097351
26,Left Shoulder,407.3035389184952,468.66929054260254,0.9998926520347595
26,Right Shoulder,318.9282953739166,488.8429892063141,0.9998996257781982
26,Left Elbow,544.3604171276093,600.414719581604,0.6438735723495483
26,Right Elbow,487.2728765010834,629.7121024131775,0.9870249629020691
26,Left Wrist,729.4705212116241,654.2639064788818,0.6218182444572449
26,Right Wrist,673.1474041938782,694.2504930496216,0.9537232518196106
26,Left Hip,496.630722284317,670.0235795974731,0.9992931485176086
26,Right Hip,444.31920647621155,734.1272592544556,0.9992128014564514
26,Left Knee,744.4702446460724,632.1040105819702,0.697549045085907
26,Right Knee,742.1826124191284,681.6984629631042,0.9674121737480164
26,Left Ankle,812.444019317627,824.6381664276123,0.6391645073890686
26,Right Ankle,779.4344782829285,893.6110854148865,0.93038010597229
27,Nose,452.6190936565399,429.0839087963104,0.9998831152915955
27,Left Eye,448.6742705106735,401.59289717674255,0.9997319579124451
27,Right Eye,447.1800744533539,400.0842833518982,0.9997398257255554
27,Left Ear,445.44902443885803,398.53862285614014,0.9997984170913696
27,Right Ear,442.77380406856537,400.25728583335876,0.9996753334999084
27,Left Shoulder,417.0611023902893,471.17835760116577,0.9998905658721924
27,Right Shoulder,321.17658853530884,485.60895323753357,0.9998961091041565
27,Left Elbow,544.532722234726,603.9710068702698,0.6382077932357788
27,Right Elbow,486.89030408859253,627.026846408844,0.9851786494255066
27,Left Wrist,729.7816932201385,657.694730758667,0.6173459887504578
27,Right Wrist,676.3690114021301,688.0161595344543,0.9468475580215454
27,Left Hip,500.05679428577423,671.7073202133179,0.9993082880973816
27,Right Hip,444.31550204753876,733.9725708961487,0.9992128014564514
27,Left Knee,762.0347440242767,638.9332151412964,0.6922642588615417
27,Right Knee,742.157107591629,692.8749704360962,0.9660024046897888
27,Left Ankle,808.7552607059479,821.895489692688,0.635482132434845
27,Right Ankle,779.0817379951477,894.496214389801,0.9281079173088074
28,Nose,466.8415427207947,427.1672987937927,0.9998735189437866
28,Left Eye,464.4688069820404,400.5379843711853,0.9997008442878723
28,Right Eye,462.65943944454193,399.10706877708435,0.9997071623802185
28,Left Ear,460.32486259937286,397.59868025779724,0.9997729063034058
28,Right Ear,459.00995433330536,399.35171842575073,0.9996418356895447
28,Left Shoulder,425.87590515613556,474.1763699054718,0.9998820424079895
28,Right Shoulder,324.8915731906891,478.62229228019714,0.9998956322669983
28,Left Elbow,542.3633366823196,605.8496689796448,0.6285915970802307
28,Right Elbow,457.58666694164276,619.9217391014099,0.9842275381088257
28,Left Wrist,724.3032693862915,667.8947639465332,0.6120302081108093
28,Right Wrist,678.6845743656158,683.3139038085938,0.943110466003418
28,Left Hip,507.9273611307144,674.2351198196411,0.9992990493774414
28,Right Hip,446.6924339532852,733.9422512054443,0.9991960525512695
28,Left Knee,771.1006939411163,640.6827449798584,0.6923990845680237
28,Right Knee,746.0318088531494,696.7008519172668,0.9655316472053528
28,Left Ankle,810.1666152477264,821.0887026786804,0.6329629421234131
28,Right Ankle,778.7265062332153,895.077953338623,0.9240992665290833
29,Nose,469.7441428899765,426.02351903915405,0.9998703598976135
29,Left Eye,467.92041659355164,399.7633194923401,0.9996904134750366
29,Right Eye,466.54843389987946,398.3616292476654,0.9996947646141052
29,Left Ear,464.8498386144638,396.8777346611023,0.9997634291648865
29,Right Ear,462.3885899782181,398.7618041038513,0.9996305704116821
29,Left Shoulder,430.16917407512665,474.50164675712585,0.9998788833618164
29,Right Shoulder,346.08815014362335,475.4607081413269,0.9998984336853027
29,Left Elbow,541.29259288311,605.9643816947937,0.6147257685661316
29,Right Elbow,494.9897915124893,619.0474891662598,0.9834328293800354
29,Left Wrist,723.8700151443481,667.2413778305054,0.6010240316390991
29,Right Wrist,684.4255208969116,680.0109887123108,0.9413018822669983
29,Left Hip,509.84209179878235,679.0927720069885,0.9993200898170471
29,Right Hip,452.45747566223145,733.8374519348145,0.9992179274559021
29,Left Knee,767.261528968811,639.8175716400146,0.6867663860321045
29,Right Knee,747.1607744693756,692.5565814971924,0.964630126953125
29,Left Ankle,818.8575327396393,810.8647227287292,0.6306782364845276
29,Right Ankle,777.8432130813599,894.7628474235535,0.9227079153060913
30,Nose,475.91896653175354,426.6347086429596,0.999840497970581
30,Left Eye,474.45961833000183,400.6942820549011,0.9996141195297241
30,Right Eye,473.0945199728012,399.23723101615906,0.9996110200881958
30,Left Ear,471.39317095279694,397.65442728996277,0.9997020363807678
30,Right Ear,469.6435660123825,399.1157269477844,0.9995452761650085
30,Left Shoulder,434.20244455337524,476.27811670303345,0.9998562335968018
30,Right Shoulder,357.4227511882782,473.35204124450684,0.9998944401741028
30,Left Elbow,542.8391098976135,606.6509199142456,0.586364209651947
30,Right Elbow,503.33609879016876,618.2367753982544,0.9811440110206604
30,Left Wrist,713.0400359630585,666.8481874465942,0.5726108551025391
30,Right Wrist,683.9318156242371,675.4504823684692,0.9341168999671936
30,Left Hip,515.2279704809189,679.9956035614014,0.9992893934249878
30,Right Hip,459.0263783931732,732.4966907501221,0.9991896748542786
30,Left Knee,755.5664837360382,638.0196976661682,0.6672403216362
30,Right Knee,740.484607219696,694.4755411148071,0.9611344933509827
30,Left Ankle,823.628968000412,821.6649699211121,0.615293562412262
30,Right Ankle,777.6647448539734,892.8239321708679,0.9178179502487183
31,Nose,485.00327467918396,428.3801507949829,0.9996519088745117
31,Left Eye,484.09985303878784,403.69937539100647,0.9991979598999023
31,Right Eye,482.97347724437714,402.01257705688477,0.9991600513458252
31,Left Ear,481.62886798381805,400.1914322376251,0.9993753433227539
31,Right Ear,479.5811057090759,401.75601840019226,0.9991021156311035
31,Left Shoulder,431.9287449121475,476.1530077457428,0.9997674226760864
31,Right Shoulder,364.2531603574753,471.6109764575958,0.9998779892921448
31,Left Elbow,542.4751579761505,605.4855108261108,0.5438550710678101
31,Right Elbow,440.91844260692596,615.9530138969421,0.9765862822532654
31,Left Wrist,691.6981339454651,678.6755061149597,0.5304776430130005
31,Right Wrist,657.4343979358673,664.3721437454224,0.9198879599571228
31,Left Hip,518.335822224617,680.2224540710449,0.9992395043373108
31,Right Hip,463.5534197092056,732.4436473846436,0.9991515874862671
31,Left Knee,760.8223140239716,618.6893177032471,0.6483466625213623
31,Right Knee,749.9420464038849,659.56547498703,0.9574451446533203
31,Left Ankle,823.9850521087646,819.8162412643433,0.599246084690094
31,Right Ankle,778.009420633316,887.1169424057007,0.9100012183189392
32,Nose,495.7337588071823,435.5693292617798,0.999532163143158
32,Left Eye,493.75323355197906,410.76756477355957,0.9989893436431885
32,Right Eye,491.70265197753906,408.4074890613556,0.9989297389984131
32,Left Ear,489.30598497390747,405.88194251060486,0.9992272853851318
32,Right Ear,491.7705774307251,408.98298382759094,0.9988665580749512
32,Left Shoulder,427.33794152736664,466.04583263397217,0.9996862411499023
32,Right Shoulder,382.2432428598404,472.09473967552185,0.9998666644096375
32,Left Elbow,532.2470009326935,604.8259449005127,0.4991350769996643
32,Right Elbow,510.953289270401,613.8109374046326,0.9747166037559509
32,Left Wrist,656.6793501377106,688.4029126167297,0.48427629470825195
32,Right Wrist,678.9357542991638,666.4171457290649,0.9144174456596375
32,Left Hip,515.8320873975754,683.3829116821289,0.9992221593856812
32,Right Hip,465.1019036769867,732.5589394569397,0.9991435408592224
32,Left Knee,755.2427887916565,620.3907608985901,0.632737398147583
32,Right Knee,765.4401957988739,656.5657567977905,0.9556249976158142
32,Left Ankle,824.4771838188171,825.8551383018494,0.5877649188041687
32,Right Ankle,779.1394352912903,889.1918134689331,0.9073102474212646
33,Nose,506.13510608673096,443.48798274993896,0.9995183348655701
33,Left Eye,505.78380823135376,419.15520787239075,0.998989999294281
33,Right Eye,503.3839613199234,416.6613972187042,0.9989195466041565
33,Left Ear,500.62317848205566,413.98383378982544,0.9992358684539795
33,Right Ear,504.8832058906555,417.8971016407013,0.9988561868667603
33,Left Shoulder,426.8713802099228,465.8005392551422,0.9996486902236938
33,Right Shoulder,399.1349786520004,473.3940124511719,0.9998595118522644
33,Left Elbow,540.617173910141,606.7342829704285,0.4619772434234619
33,Right Elbow,540.9590303897858,613.2157444953918,0.9719305634498596
33,Left Wrist,673.6427485942841,684.2129373550415,0.44730913639068604
33,Right Wrist,700.636100769043,666.9572997093201,0.9040265679359436
33,Left Hip,514.3570691347122,690.0601959228516,0.9992278814315796
33,Right Hip,475.50859451293945,730.6021928787231,0.9991664290428162
33,Left Knee,764.540445804596,620.2058815956116,0.6048460006713867
33,Right Knee,764.4592106342316,673.5433030128479,0.9537622928619385
33,Left Ankle,815.0227606296539,827.1176862716675,0.5693034529685974
33,Right Ankle,781.2360763549805,889.7400140762329,0.9097010493278503
34,Nose,509.6516579389572,460.82804560661316,0.9993495345115662
34,Left Eye,511.2195819616318,440.81334829330444,0.9987996816635132
34,Right Eye,509.38202142715454,437.913601398468,0.9986838698387146
34,Left Ear,507.1428418159485,434.56594705581665,0.9991227984428406
34,Right Ear,509.70804393291473,440.50191164016724,0.9985769987106323
34,Left Shoulder,426.3449251651764,465.8855438232422,0.9996036291122437
34,Right Shoulder,401.8881231546402,472.5479578971863,0.9998365044593811
34,Left Elbow,551.7323613166809,606.0495471954346,0.42523324489593506
34,Right Elbow,549.8944729566574,605.0738453865051,0.9599558115005493
34,Left Wrist,701.9862174987793,681.1159515380859,0.41228729486465454
34,Right Wrist,705.8772444725037,668.3375859260559,0.8761411905288696
34,Left Hip,513.9649569988251,691.8621897697449,0.9992265105247498
34,Right Hip,489.62541818618774,728.8368272781372,0.9991718530654907
34,Left Knee,756.6065430641174,630.3613042831421,0.565035343170166
34,Right Knee,760.8192324638367,658.6545968055725,0.947485625743866
34,Left Ankle,805.1373779773712,836.3709211349487,0.5431370735168457
34,Right Ankle,782.2377800941467,889.7489619255066,0.9097207188606262
35,Nose,512.239021062851,473.20597887039185,0.9992552995681763
35,Left Eye,514.9803966283798,455.81403136253357,0.9987202882766724
35,Right Eye,513.2988810539246,453.26502084732056,0.9985585808753967
35,Left Ear,511.2581670284271,449.9504542350769,0.9990763068199158
35,Right Ear,514.0735000371933,455.1380503177643,0.998452365398407
35,Left Shoulder,425.2629041671753,477.56515860557556,0.999596357345581
35,Right Shoulder,404.9569308757782,471.6344082355499,0.9998339414596558
35,Left Elbow,572.7156221866608,620.0151443481445,0.38976866006851196
35,Right Elbow,553.7520289421082,601.1550736427307,0.9320557117462158
35,Left Wrist,725.8471965789795,685.2984595298767,0.37734419107437134
35,Right Wrist,720.2855050563812,669.2763376235962,0.8231775164604187
35,Left Hip,513.1981730461121,704.6462202072144,0.9992767572402954
35,Right Hip,499.0319460630417,730.6928300857544,0.9992296695709229
35,Left Knee,748.4692573547363,630.4094552993774,0.5279593467712402
35,Right Knee,764.3918752670288,688.6483669281006,0.9422407150268555
35,Left Ankle,808.4511041641235,825.5837416648865,0.5242263674736023
35,Right Ankle,786.8216335773468,892.6562404632568,0.9107394218444824
36,Nose,515.6643062829971,476.7387056350708,0.9993054270744324
36,Left Eye,517.6028370857239,461.3659465312958,0.9988227486610413
36,Right Eye,516.1331295967102,459.13638710975647,0.9986627697944641
36,Left Ear,514.4757747650146,456.1072504520416,0.9991499185562134
36,Right Ear,517.0160621404648,461.14527583122253,0.9985765218734741
36,Left Shoulder,424.55912828445435,491.3823115825653,0.9996199607849121
36,Right Shoulder,427.3621678352356,465.4248905181885,0.9998462200164795
36,Left Elbow,572.7670252323151,626.8896675109863,0.3581860661506653
36,Right Elbow,568.8767850399017,586.2085604667664,0.9026099443435669
36,Left Wrist,742.5537765026093,687.3705625534058,0.3497999906539917
36,Right Wrist,725.0733971595764,666.0546612739563,0.7638654112815857
36,Left Hip,512.7292513847351,708.198516368866,0.9993446469306946
36,Right Hip,508.0966502428055,713.2966661453247,0.9993030428886414
36,Left Knee,732.6771140098572,609.9095463752747,0.49583351612091064
36,Right Knee,771.1513757705688,651.5230321884155,0.9402540326118469
36,Left Ankle,788.3481204509735,776.0889387130737,0.5242335796356201
36,Right Ankle,792.0553028583527,894.9419975280762,0.9157479405403137
37,Nose,522.772940993309,475.77024579048157,0.9993472099304199
37,Left Eye,522.2606152296066,461.3886058330536,0.9989041686058044
37,Right Eye,520.2995628118515,459.49822783470154,0.9987475275993347
37,Left Ear,518.2437688112259,456.7959129810333,0.9992085695266724
37,Right Ear,522.8822708129883,460.6288433074951,0.9986736178398132
37,Left Shoulder,424.42881762981415,492.89324283599854,0.9996444582939148
37,Right Shoulder,438.63621950149536,463.17115902900696,0.9998575448989868
37,Left Elbow,567.692220211029,625.8029866218567,0.3299902379512787
37,Right Elbow,578.9517819881439,588.442690372467,0.8831287026405334
37,Left Wrist,733.9528799057007,692.5074648857117,0.3243471682071686
37,Right Wrist,719.4047689437866,660.8949708938599,0.7248338460922241
37,Left Hip,508.53823125362396,710.2731943130493,0.9994032979011536
37,Right Hip,509.99656319618225,715.8873581886292,0.999367356300354
37,Left Knee,725.2101004123688,616.5836119651794,0.46499699354171753
37,Right Knee,775.7851243019104,689.1745519638062,0.9332216382026672
37,Left Ankle,825.7403612136841,771.1336326599121,0.5245484709739685
37,Right Ankle,800.623482465744,895.1293230056763,0.9171262383460999
38,Nose,528.2299906015396,475.9849941730499,0.9994090795516968
38,Left Eye,525.0683754682541,463.11869502067566,0.9990106821060181
38,Right Eye,522.4727839231491,461.96635365486145,0.9988680481910706
38,Left Ear,519.9128270149231,459.997376203537,0.9992847442626953
38,Right Ear,527.8834789991379,461.3112938404083,0.9988023042678833
38,Left Shoulder,411.187681555748,511.25622510910034,0.9996729493141174
38,Right Shoulder,481.30320608615875,452.7294051647186,0.9998712539672852
38,Left Elbow,530.3422689437866,635.0585389137268,0.30046650767326355
38,Right Elbow,601.3005018234253,578.4745931625366,0.8590949177742004
38,Left Wrist,711.9666695594788,707.5578117370605,0.30032822489738464
38,Right Wrist,722.0231771469116,657.7255010604858,0.6854665279388428
38,Left Hip,489.6209269762039,707.9378700256348,0.9994603991508484
38,Right Hip,528.6159068346024,693.5490202903748,0.9994293451309204
38,Left Knee,634.8925888538361,574.0239715576172,0.4409652650356293
38,Right Knee,753.2731473445892,687.9498553276062,0.9333010911941528
38,Left Ankle,774.3249893188477,708.0239367485046,0.5349785685539246
38,Right Ankle,798.7843811511993,894.1825890541077,0.9223755598068237
39,Nose,530.8343023061752,477.34870433807373,0.9994486570358276
39,Left Eye,527.6069909334183,464.2123603820801,0.9990944266319275
39,Right Eye,524.4210839271545,463.5837256908417,0.9989551305770874
39,Left Ear,521.3041514158249,462.2639501094818,0.9993412494659424
39,Right Ear,533.2341820001602,461.9992160797119,0.9989023208618164
39,Left Shoulder,403.36438715457916,520.236132144928,0.999671459197998
39,Right Shoulder,516.1903023719788,452.45981097221375,0.9998807311058044
39,Left Elbow,525.7381558418274,647.1297025680542,0.2744084298610687
39,Right Elbow,627.460914850235,577.0002579689026,0.8296872973442078
39,Left Wrist,700.6616711616516,737.6512956619263,0.283179372549057
39,Right Wrist,770.270574092865,655.2428269386292,0.649681568145752
39,Left Hip,472.5027948617935,705.7372140884399,0.9995003342628479
39,Right Hip,550.928008556366,680.8931565284729,0.9994808435440063
39,Left Knee,507.5801283121109,520.1083838939667,0.4184246361255646
39,Right Knee,753.1862735748291,688.3222532272339,0.9362225532531738
39,Left Ankle,558.9487850666046,680.5859684944153,0.5354478359222412
39,Right Ankle,818.2996392250061,892.5251770019531,0.9273218512535095
40,Nose,539.0615105628967,483.4963274002075,0.9995014667510986
40,Left Eye,537.4815225601196,471.52278542518616,0.9991830587387085
40,Right Eye,534.4671010971069,471.6743838787079,0.9990563988685608
40,Left Ear,531.5613865852356,471.1389935016632,0.9994053840637207
40,Right Ear,543.1139588356018,467.64012694358826,0.9990096688270569
40,Left Shoulder,404.8860877752304,526.3297784328461,0.9996967315673828
40,Right Shoulder,513.7885212898254,454.9291920661926,0.9998921751976013
40,Left Elbow,522.7405518293381,666.3086771965027,0.2520756423473358
40,Right Elbow,643.8291788101196,580.5253887176514,0.8266066312789917
40,Left Wrist,696.5636551380157,752.7209544181824,0.2660697400569916
40,Right Wrist,776.8672108650208,678.4959053993225,0.6333691477775574
40,Left Hip,469.85347270965576,718.4279680252075,0.9995476007461548
40,Right Hip,540.4974848031998,689.0740656852722,0.999531090259552
40,Left Knee,608.3924829959869,555.8452892303467,0.39943748712539673
40,Right Knee,758.2141995429993,649.9917912483215,0.936025857925415
40,Left Ankle,662.6394152641296,722.7902054786682,0.5384711623191833
40,Right Ankle,811.0880672931671,893.5539865493774,0.9299658536911011
41,Nose,553.4032225608826,479.290452003479,0.9995468258857727
41,Left Eye,548.7197756767273,465.4706275463104,0.9992608428001404
41,Right Eye,545.1737523078918,464.7213900089264,0.9991452693939209
41,Left Ear,541.5751457214355,463.49395751953125,0.9994614720344543
41,Right Ear,554.3370008468628,463.12564730644226,0.9991036653518677
41,Left Shoulder,406.80976808071136,526.8648791313171,0.9997138381004333
41,Right Shoulder,525.7371068000793,455.69355726242065,0.9999024868011475
41,Left Elbow,503.9435923099518,665.3076124191284,0.2295021116733551
41,Right Elbow,645.1609373092651,575.60542345047,0.8308097720146179
41,Left Wrist,665.1073515415192,756.5401411056519,0.2451198846101761
41,Right Wrist,780.0638377666473,679.5783376693726,0.6349837183952332
41,Left Hip,469.32960748672485,732.2674584388733,0.9995904564857483
41,Right Hip,541.5420025587082,693.6366963386536,0.9995762705802917
41,Left Knee,634.6899271011353,613.5085773468018,0.36979183554649353
41,Right Knee,760.7010841369629,666.7072749137878,0.9265300631523132
41,Left Ankle,698.387610912323,773.4742999076843,0.5268043279647827
41,Right Ankle,807.6622247695923,893.5340309143066,0.9281370043754578
42,Nose,567.6666498184204,476.672465801239,0.9995815753936768
42,Left Eye,561.239892244339,462.21914649009705,0.9993281960487366
42,Right Eye,557.0149421691895,461.52172923088074,0.99922114610672
42,Left Ear,552.6161789894104,460.17147302627563,0.999508798122406
42,Right Ear,568.3868825435638,460.2314364910126,0.9991835951805115
42,Left Shoulder,396.9918191432953,526.284556388855,0.9997362494468689
42,Right Shoulder,553.866308927536,462.6284623146057,0.9999117851257324
42,Left Elbow,442.6471322774887,662.0691990852356,0.22444099187850952
42,Right Elbow,679.2026042938232,577.7644944190979,0.8431831002235413
42,Left Wrist,562.2183859348297,755.2269315719604,0.24480484426021576
42,Right Wrist,816.3268506526947,705.4739284515381,0.6597057580947876
42,Left Hip,441.43647253513336,727.2703099250793,0.9996296167373657
42,Right Hip,555.1084399223328,690.5302476882935,0.9996173977851868
42,Left Knee,583.7292492389679,611.996648311615,0.3558335304260254
42,Right Knee,760.1102769374847,673.3285546302795,0.9264086484909058
42,Left Ankle,669.4632351398468,779.7880697250366,0.5368409752845764
42,Right Ankle,799.4771420955658,893.1545519828796,0.9303372502326965
43,Nose,576.1331379413605,481.32492899894714,0.9995823502540588
43,Left Eye,572.613799571991,467.76488184928894,0.9993686676025391
43,Right Eye,568.6587810516357,467.9914426803589,0.999262273311615
43,Left Ear,564.5833849906921,467.8356599807739,0.9995307326316833
43,Right Ear,579.534262418747,464.5789647102356,0.9992300271987915
43,Left Shoulder,421.1089938879013,525.8192038536072,0.9997390508651733
43,Right Shoulder,561.5792572498322,463.40595960617065,0.9999194741249084
43,Left Elbow,473.0635732412338,656.2841248512268,0.20579956471920013
43,Right Elbow,676.6009151935577,571.9375777244568,0.8480748534202576
43,Left Wrist,617.9502367973328,748.6740159988403,0.23320366442203522
43,Right Wrist,797.8624045848846,698.4637069702148,0.667151689529419
43,Left Hip,445.71771025657654,714.8792123794556,0.9996640086174011
43,Right Hip,555.0451695919037,662.2532415390015,0.9996534585952759
43,Left Knee,612.561047077179,610.2110695838928,0.34055039286613464
43,Right Knee,758.9030921459198,673.496310710907,0.9252861738204956
43,Left Ankle,685.3426456451416,800.6144142150879,0.542261004447937
43,Right Ankle,793.2240664958954,892.7959299087524,0.932842493057251
44,Nose,577.7190268039703,497.5007736682892,0.9995470643043518
44,Left Eye,576.2385010719299,483.24936032295227,0.9993892908096313
44,Right Eye,572.1315026283264,483.7085974216461,0.9992771148681641
44,Left Ear,567.3451840877533,484.07742261886597,0.9995325207710266
44,Right Ear,584.0235710144043,479.04364585876465,0.9992502927780151
44,Left Shoulder,420.2203571796417,534.7461640834808,0.9997240304946899
44,Right Shoulder,568.6612069606781,466.22775077819824,0.9999266266822815
44,Left Elbow,441.9812202453613,652.2382164001465,0.1948677897453308
44,Right Elbow,683.9398801326752,566.2332916259766,0.8548772931098938
44,Left Wrist,528.0983358621597,764.4554471969604,0.22222627699375153
44,Right Wrist,788.9443039894104,690.0132036209106,0.670897901058197
44,Left Hip,453.39394211769104,713.8617968559265,0.9996918439865112
44,Right Hip,559.3189656734467,673.5567569732666,0.9996857643127441
44,Left Knee,577.3203909397125,586.5113711357117,0.33163708448410034
44,Right Knee,753.3893287181854,673.6139845848083,0.9306763410568237
44,Left Ankle,653.4658074378967,798.9017701148987,0.53483647108078
44,Right Ankle,784.8773658275604,893.5039687156677,0.9362952709197998
45,Nose,585.7409179210663,498.92818093299866,0.9994930028915405
45,Left Eye,584.5069169998169,485.2283799648285,0.9993992447853088
45,Right Eye,580.1241517066956,485.7526981830597,0.9992820024490356
45,Left Ear,575.6662487983704,486.13784193992615,0.9995235204696655
45,Right Ear,593.8453555107117,480.5052351951599,0.9992544054985046
45,Left Shoulder,420.1425641775131,538.8027906417847,0.9996830821037292
45,Right Shoulder,576.8865466117859,466.73632979393005,0.999932587146759
45,Left Elbow,465.7106429338455,651.3120818138123,0.17945662140846252
45,Right Elbow,691.8389022350311,564.7321772575378,0.8597737550735474
45,Left Wrist,587.6767933368683,756.1087131500244,0.20642858743667603
45,Right Wrist,787.6848638057709,683.2364630699158,0.667890191078186
45,Left Hip,448.807892203331,713.6614036560059,0.9997128248214722
45,Right Hip,558.6155831813812,678.7837171554565,0.9997135400772095
45,Left Knee,581.6908955574036,579.5158910751343,0.3221886456012726
45,Right Knee,738.1639301776886,673.7730503082275,0.9353393316268921
45,Left Ankle,653.5612046718597,782.2549724578857,0.5306248664855957
45,Right Ankle,783.5968792438507,894.4451665878296,0.9402379393577576
46,Nose,594.8487639427185,495.0696623325348,0.9989984035491943
46,Left Eye,591.7504191398621,481.40275597572327,0.999115526676178
46,Right Eye,586.7875337600708,481.92620515823364,0.9988080859184265
46,Left Ear,582.2956025600433,482.14105010032654,0.9992151260375977
46,Right Ear,603.0529260635376,477.0602488517761,0.9989294409751892
46,Left Shoulder,423.0674237012863,534.1274428367615,0.9994885325431824
46,Right Shoulder,593.8924312591553,467.19975113868713,0.9999317526817322
46,Left Elbow,473.2561707496643,638.3276581764221,0.16353397071361542
46,Right Elbow,695.0165152549744,560.1365876197815,0.8599210977554321
46,Left Wrist,577.605926990509,751.2786769866943,0.18786394596099854
46,Right Wrist,789.4810855388641,667.0763254165649,0.6522494554519653
46,Left Hip,430.8416098356247,701.5699625015259,0.9996809959411621
46,Right Hip,575.8313417434692,677.650945186615,0.9997281432151794
46,Left Knee,409.8327785730362,572.5925087928772,0.3310428857803345
46,Right Knee,752.2352516651154,677.352511882782,0.939480185508728
46,Left Ankle,447.07612097263336,757.2516560554504,0.5265675783157349
46,Right Ankle,782.9958438873291,896.1512446403503,0.9409481287002563
47,Nose,591.7225539684296,499.0554141998291,0.9948731064796448
47,Left Eye,587.9555106163025,489.050270318985,0.9961398839950562
47,Right Eye,583.0193758010864,490.1637625694275,0.9940453767776489
47,Left Ear,578.6217272281647,490.5211937427521,0.9958082437515259
47,Right Ear,599.8216152191162,484.12129282951355,0.9960036277770996
47,Left Shoulder,427.2451013326645,531.6224312782288,0.9988104701042175
47,Right Shoulder,599.9469101428986,471.07378363609314,0.9999215602874756
47,Left Elbow,508.84779691696167,613.3472585678101,0.14844688773155212
47,Right Elbow,697.7329432964325,547.496817111969,0.8535102009773254
47,Left Wrist,591.524350643158,730.7174205780029,0.17061567306518555
47,Right Wrist,788.404244184494,656.7046737670898,0.6263974905014038
47,Left Hip,429.08816933631897,692.822699546814,0.9996119737625122
47,Right Hip,582.875657081604,672.5650906562805,0.9997321963310242
47,Left Knee,427.7831941843033,567.6750540733337,0.32462960481643677
47,Right Knee,753.6762416362762,677.8109121322632,0.9397835731506348
47,Left Ankle,450.9730815887451,744.5538854598999,0.5083939433097839
47,Right Ankle,780.8021008968353,896.7750835418701,0.9369547367095947
48,Nose,587.5115036964417,502.196946144104,0.9900929927825928
48,Left Eye,583.3645105361938,495.55033564567566,0.9928613305091858
48,Right Eye,578.1557559967041,497.15206503868103,0.9887719750404358
48,Left Ear,573.8057076931,497.71674513816833,0.9919084906578064
48,Right Ear,595.9286212921143,489.88361120224,0.9932101964950562
48,Left Shoulder,431.2444418668747,530.7643389701843,0.9983582496643066
48,Right Shoulder,607.9932570457458,473.64847898483276,0.9999027848243713
48,Left Elbow,518.3026790618896,603.8233995437622,0.1367916464805603
48,Right Elbow,694.1541373729706,536.2343072891235,0.840423583984375
48,Left Wrist,596.3741362094879,725.0765419006348,0.15625697374343872
48,Right Wrist,785.3859543800354,634.5201230049133,0.6006532907485962
48,Left Hip,429.46729958057404,688.2600688934326,0.999605655670166
48,Right Hip,585.7948780059814,672.3560070991516,0.9997485280036926
48,Left Knee,365.8759295940399,563.267240524292,0.35470888018608093
48,Right Knee,760.4280054569244,676.8251037597656,0.941608726978302
48,Left Ankle,325.04338920116425,731.35085105896,0.5105289816856384
48,Right Ankle,780.8216392993927,897.5357151031494,0.9336166381835938
49,Nose,555.0769686698914,533.743908405304,0.988273561000824
49,Left Eye,547.9897409677505,530.2252149581909,0.9912123680114746
49,Right Eye,542.5369203090668,531.175103187561,0.9869232773780823
49,Left Ear,539.5639687776566,531.4485597610474,0.9894530177116394
49,Right Ear,560.1919651031494,525.8302116394043,0.9915544986724854
49,Left Shoulder,445.25803327560425,541.5421843528748,0.9981722235679626
49,Right Shoulder,597.4421262741089,510.28570532798767,0.9999048709869385
49,Left Elbow,543.5017108917236,601.7172431945801,0.12531334161758423
49,Right Elbow,685.5769097805023,535.15052318573,0.8412156701087952
49,Left Wrist,654.2154133319855,715.8722949028015,0.14555661380290985
49,Right Wrist,784.1759502887726,640.6750845909119,0.5933535695075989
49,Left Hip,432.3020726442337,684.8591136932373,0.9996371269226074
49,Right Hip,577.8513371944427,671.2491130828857,0.9997715950012207
49,Left Knee,503.13147008419037,599.3469643592834,0.33314210176467896
49,Right Knee,726.346081495285,684.6245384216309,0.9397438764572144
49,Left Ankle,529.0198862552643,752.4211692810059,0.4923080801963806
49,Right Ankle,781.1271071434021,896.8666219711304,0.9346969127655029
50,Nose,542.2051936388016,549.7067427635193,0.987692654132843
50,Left Eye,533.8520348072052,549.1533923149109,0.9905931353569031
50,Right Eye,528.4845471382141,550.6042313575745,0.9865187406539917
50,Left Ear,525.3019511699677,551.7141509056091,0.988247275352478
50,Right Ear,546.3026851415634,544.75581407547,0.9909974336624146
50,Left Shoulder,461.505526304245,562.9318571090698,0.9980518221855164
50,Right Shoulder,602.5059163570404,526.2420701980591,0.999907374382019
50,Left Elbow,545.2438414096832,605.9142994880676,0.11621473729610443
50,Right Elbow,681.3295364379883,526.4744246006012,0.8435025811195374
50,Left Wrist,662.7188146114349,714.677402973175,0.1406346708536148
50,Right Wrist,770.5862045288086,639.049665927887,0.5915493369102478
50,Left Hip,460.2178931236267,680.7221174240112,0.9996672868728638
50,Right Hip,586.975508928299,649.4151377677917,0.9997930526733398
50,Left Knee,583.4831833839417,624.9730253219604,0.32455649971961975
50,Right Knee,720.9500074386597,717.7851390838623,0.9400695562362671
50,Left Ankle,661.7123246192932,775.5791687965393,0.48009178042411804
50,Right Ankle,783.4610939025879,898.0507636070251,0.9362711310386658
51,Nose,544.9176549911499,554.7250056266785,0.9849044680595398
51,Left Eye,537.9161864519119,553.3680868148804,0.9890413880348206
51,Right Eye,532.6127886772156,554.3533802032471,0.9854124784469604
51,Left Ear,529.6901255846024,555.0894212722778,0.9861518740653992
51,Right Ear,547.7430522441864,551.3401436805725,0.9888240694999695
51,Left Shoulder,477.57563292980194,559.7067046165466,0.998062252998352
51,Right Shoulder,616.5226221084595,552.0743823051453,0.9998581409454346
51,Left Elbow,548.8823115825653,554.129490852356,0.12086004763841629
51,Right Elbow,675.676840543747,534.1687059402466,0.7627153396606445
51,Left Wrist,655.5629074573517,544.7332191467285,0.13422563672065735
51,Right Wrist,644.8843836784363,560.8042645454407,0.5333054661750793
51,Left Hip,475.8807748556137,639.1090822219849,0.9996983408927917
51,Right Hip,595.3150629997253,652.6600527763367,0.9998127818107605
51,Left Knee,568.3558702468872,560.4645681381226,0.34421148896217346
51,Right Knee,715.0178730487823,708.2151246070862,0.9392794966697693
51,Left Ankle,632.4432730674744,753.5357236862183,0.5082263350486755
51,Right Ankle,817.7472531795502,894.997615814209,0.9394091367721558
52,Nose,545.5737322568893,562.6052284240723,0.9728688597679138
52,Left Eye,538.6831670999527,564.5157551765442,0.9808562994003296
52,Right Eye,536.1779898405075,566.2053537368774,0.9788442254066467
52,Left Ear,531.3115179538727,566.9883227348328,0.9766902327537537
52,Right Ear,550.6083130836487,561.135528087616,0.9793933033943176
52,Left Shoulder,493.24756264686584,571.1029815673828,0.997871458530426
52,Right Shoulder,604.9440860748291,553.3620357513428,0.9997549653053284
52,Left Elbow,574.5334804058075,552.9043436050415,0.1147066056728363
52,Right Elbow,644.9156582355499,528.1382417678833,0.6893777847290039
52,Left Wrist,669.2462801933289,546.9011092185974,0.12885993719100952
52,Right Wrist,632.385903596878,550.166494846344,0.48117226362228394
52,Left Hip,502.9686063528061,631.6855216026306,0.9997258186340332
52,Right Hip,590.7597959041595,627.9467368125916,0.9998302459716797
52,Left Knee,613.7334823608398,617.6934671401978,0.3440150022506714
52,Right Knee,721.8635261058807,714.5561242103577,0.9326980710029602
52,Left Ankle,689.6123111248016,775.5797481536865,0.5074141621589661
52,Right Ankle,835.0232005119324,882.0965552330017,0.9397169351577759
53,Nose,547.3045527935028,565.0022220611572,0.9684624075889587
53,Left Eye,550.0856280326843,566.6003465652466,0.9800083041191101
53,Right Eye,551.3842105865479,567.6910185813904,0.9782875776290894
53,Left Ear,551.5033423900604,568.7726783752441,0.975914716720581
53,Right Ear,550.8522808551788,564.5218062400818,0.9783651828765869
53,Left Shoulder,552.2646844387054,583.5160303115845,0.9979469180107117
53,Right Shoulder,559.2296659946442,568.1301712989807,0.9997134804725647
53,Left Elbow,650.2297103404999,581.1402797698975,0.10879077017307281
53,Right Elbow,584.1611921787262,557.1917796134949,0.6222370266914368
53,Left Wrist,689.7507846355438,574.6527671813965,0.1238093301653862
53,Right Wrist,640.268075466156,553.0263304710388,0.43443170189857483
53,Left Hip,550.1822054386139,615.473370552063,0.9997529983520508
53,Right Hip,569.8940932750702,609.9606585502625,0.9998469352722168
53,Left Knee,631.5886318683624,615.1588439941406,0.3950011134147644
53,Right Knee,560.7886731624603,617.3889183998108,0.9208423495292664
53,Left Ankle,753.647392988205,820.8199453353882,0.5500583648681641
53,Right Ankle,599.8966217041016,814.5377826690674,0.9394015073776245
54,Nose,577.2436141967773,555.8741283416748,0.9682820439338684
54,Left Eye,580.1196932792664,557.3923015594482,0.9809772968292236
54,Right Eye,580.6113004684448,558.2819366455078,0.9794572591781616
54,Left Ear,580.839729309082,560.7286262512207,0.9772780537605286
54,Right Ear,580.683159828186,556.4506530761719,0.9791712164878845
54,Left Shoulder,568.8845872879028,599.551477432251,0.9980460405349731
54,Right Shoulder,555.0776898860931,567.7528166770935,0.9996981620788574
54,Left Elbow,689.3026471138,640.7668161392212,0.10065722465515137
54,Right Elbow,599.1698980331421,587.2011923789978,0.5603252053260803
54,Left Wrist,747.7900683879852,635.6845021247864,0.11472861468791962
54,Right Wrist,672.4404156208038,564.8799133300781,0.3912678360939026
54,Left Hip,554.0270745754242,613.7704467773438,0.9997771978378296
54,Right Hip,565.9493029117584,597.2297358512878,0.999861478805542
54,Left Knee,665.2230083942413,637.7166295051575,0.421324759721756
54,Right Knee,648.4682381153107,636.8403840065002,0.9148330092430115
54,Left Ankle,772.7465748786926,835.1943111419678,0.5793474316596985
54,Right Ankle,758.493572473526,815.4762768745422,0.9399303197860718
55,Nose,580.0988435745239,556.1238956451416,0.9648016095161438
55,Left Eye,581.8428754806519,556.7595148086548,0.9796758890151978
55,Right Eye,581.4142763614655,558.1054902076721,0.978769838809967
55,Left Ear,579.0372788906097,559.2094874382019,0.9766011834144592
55,Right Ear,584.4610869884491,554.1700458526611,0.9781538844108582
55,Left Shoulder,548.8031089305878,598.5212516784668,0.9978422522544861
55,Right Shoulder,569.2943036556244,574.3515658378601,0.9996750354766846
55,Left Elbow,672.6823508739471,653.9340591430664,0.09251765161752701
55,Right Elbow,626.4122009277344,616.0391449928284,0.506762683391571
55,Left Wrist,771.5892851352692,678.6826515197754,0.10634096711874008
55,Right Wrist,722.7220356464386,636.2947583198547,0.3530424237251282
55,Left Hip,543.2589560747147,606.6762828826904,0.9997957348823547
55,Right Hip,568.2239532470703,593.3405756950378,0.9998731017112732
55,Left Knee,677.2989213466644,636.5436244010925,0.422303169965744
55,Right Knee,692.8968608379364,637.580029964447,0.9180386066436768
55,Left Ankle,766.834831237793,830.5751609802246,0.5997586250305176
55,Right Ankle,824.5658278465271,822.1825289726257,0.9445734620094299
56,Nose,577.7429580688477,582.7711701393127,0.9670777320861816
56,Left Eye,578.3538937568665,587.3108839988708,0.9814152717590332
56,Right Eye,577.7541041374207,588.765971660614,0.9806360602378845
56,Left Ear,576.407527923584,590.3660917282104,0.978638768196106
56,Right Ear,582.4174225330353,585.6511545181274,0.9799739718437195
56,Left Shoulder,563.5862708091736,611.263439655304,0.9979496002197266
56,Right Shoulder,547.5842207670212,592.9965662956238,0.9996746182441711
56,Left Elbow,695.8032965660095,651.9163513183594,0.09144752472639084
56,Right Elbow,591.8900072574615,621.5064740180969,0.4597785174846649
56,Left Wrist,776.112425327301,676.6863799095154,0.10304590314626694
56,Right Wrist,692.5209760665894,647.8400588035583,0.3188817799091339
56,Left Hip,552.1732211112976,595.7490921020508,0.9998154640197754
56,Right Hip,556.4636707305908,586.0951995849609,0.9998852014541626
56,Left Knee,682.7778697013855,633.7673449516296,0.4625245928764343
56,Right Knee,685.8075022697449,649.6047806739807,0.9242953062057495
56,Left Ankle,751.8105864524841,821.0864496231079,0.6281421184539795
56,Right Ankle,825.8417904376984,830.812246799469,0.9492825865745544
57,Nose,564.6014153957367,582.0596551895142,0.9703441262245178
57,Left Eye,576.4413595199585,613.2603549957275,0.9832639098167419
57,Right Eye,577.0513117313385,614.7867679595947,0.9825636148452759
57,Left Ear,578.1461179256439,616.4983820915222,0.9807620644569397
57,Right Ear,556.1125695705414,589.8263239860535,0.9819642901420593
57,Left Shoulder,624.256157875061,630.4960370063782,0.9981163144111633
57,Right Shoulder,510.56143939495087,600.7463049888611,0.9996673464775085
57,Left Elbow,736.730545759201,655.6322193145752,0.11688103526830673
57,Right Elbow,479.66053783893585,604.1428184509277,0.42508214712142944
57,Left Wrist,791.0924792289734,656.376371383667,0.13449178636074066
57,Right Wrist,554.5302867889404,537.2477316856384,0.30808746814727783
57,Left Hip,615.8978521823883,597.1163749694824,0.9998310804367065
57,Right Hip,503.2634198665619,590.0558137893677,0.9998947381973267
57,Left Knee,725.7753372192383,629.374144077301,0.5144259333610535
57,Right Knee,492.1485275030136,593.0666041374207,0.931351363658905
57,Left Ankle,777.4359226226807,794.8253488540649,0.6454406976699829
57,Right Ankle,638.7613236904144,720.675036907196,0.9453302025794983
58,Nose,557.9724550247192,591.3276958465576,0.9729821085929871
58,Left Eye,570.595508813858,622.5545310974121,0.9847568273544312
58,Right Eye,576.3544201850891,623.4664392471313,0.9841119647026062
58,Left Ear,575.5240380764008,624.6050691604614,0.9824816584587097
58,Right Ear,549.7458040714264,618.6136794090271,0.9835362434387207
58,Left Shoulder,639.6075069904327,616.9762873649597,0.9982479810714722
58,Right Shoulder,463.3507251739502,590.7320523262024,0.9994105100631714
58,Left Elbow,749.4437515735626,658.4256219863892,0.12359631061553955
58,Right Elbow,406.23587667942047,596.7873644828796,0.38831058144569397
58,Left Wrist,825.6450295448303,680.9827637672424,0.14005239307880402
58,Right Wrist,487.37663328647614,568.8504409790039,0.28321653604507446
58,Left Hip,614.2852127552032,594.0804147720337,0.9998464584350586
58,Right Hip,510.4754835367203,582.0313954353333,0.9999032616615295
58,Left Knee,703.6571443080902,639.35711145401,0.5523967742919922
58,Right Knee,393.9960837364197,590.0194430351257,0.9353017807006836
58,Left Ankle,808.5754156112671,795.4670190811157,0.6540223956108093
58,Right Ankle,483.57788920402527,711.190767288208,0.9400080442428589
59,Nose,527.6276767253876,723.2764792442322,0.9754297733306885
59,Left Eye,538.9572620391846,732.079553604126,0.9862024784088135
59,Right Eye,547.3241567611694,731.8829584121704,0.9856188893318176
59,Left Ear,554.0150761604309,731.951322555542,0.9841307997703552
59,Right Ear,514.7679328918457,732.3056960105896,0.9850903749465942
59,Left Shoulder,649.5699942111969,654.5818448066711,0.9983845353126526
59,Right Shoulder,422.16901779174805,632.8878808021545,0.9993953108787537
59,Left Elbow,758.7517023086548,668.3829689025879,0.18665377795696259
59,Right Elbow,350.7798910140991,646.181230545044,0.3785811960697174
59,Left Wrist,785.8107507228851,678.365228176117,0.1871543675661087
59,Right Wrist,392.49952733516693,712.0459628105164,0.2765028178691864
59,Left Hip,617.7099406719208,591.7181181907654,0.9998615384101868
59,Right Hip,482.36552476882935,592.1110510826111,0.9999126195907593
59,Left Knee,722.1634209156036,659.8798727989197,0.5859652757644653
59,Right Knee,302.87572741508484,603.0563306808472,0.9336020350456238
59,Left Ankle,806.1594724655151,806.5433621406555,0.6712521314620972
59,Right Ankle,431.9905072450638,727.6766967773438,0.9328297972679138
60,Nose,534.1066241264343,678.8876795768738,0.9777637720108032
60,Left Eye,539.5555436611176,685.9058833122253,0.9875438213348389
60,Right Eye,551.8258571624756,686.1434197425842,0.9870169162750244
60,Left Ear,560.2838218212128,686.6121196746826,0.985667884349823
60,Right Ear,527.7589708566666,685.8901119232178,0.9865323901176453
60,Left Shoulder,637.2223138809204,646.2701940536499,0.9984595775604248
60,Right Shoulder,431.9382846355438,621.4185404777527,0.999253511428833
60,Left Elbow,757.0794641971588,662.8648495674133,0.20555397868156433
60,Right Elbow,370.85822224617004,623.8719892501831,0.3537217974662781
60,Left Wrist,785.9834492206573,671.5843677520752,0.1948164403438568
60,Right Wrist,455.8344393968582,669.6178364753723,0.2573900520801544
60,Left Hip,605.8734714984894,599.5896506309509,0.9998712539672852
60,Right Hip,492.8566962480545,596.9016909599304,0.9999176263809204
60,Left Knee,704.4566452503204,652.6680994033813,0.6178858876228333
60,Right Knee,414.83106911182404,606.2370657920837,0.9364234209060669
60,Left Ankle,781.0781300067902,769.2267751693726,0.6686997413635254
60,Right Ankle,560.2364182472229,704.0351915359497,0.914914071559906
