Frame,Keypoint,X,Y,Confidence
1,Nose,613.7212371826172,111.64849519729614,0.9997588992118835
1,Left Eye,620.5202484130859,102.63614416122437,0.9993158578872681
1,Right Eye,624.2520141601562,103.33566427230835,0.999373733997345
1,Left Ear,627.4678802490234,104.08376455307007,0.9993846416473389
1,Right Ear,610.6613922119141,100.81241369247437,0.9990445971488953
1,Left Shoulder,652.8128814697266,171.58142566680908,0.999822199344635
1,Right Shoulder,560.7294845581055,158.24052572250366,0.9993687272071838
1,Left Elbow,655.4869079589844,243.66493463516235,0.9656075239181519
1,Right Elbow,542.5588989257812,205.51124095916748,0.8993643522262573
1,Left Wrist,649.4869995117188,301.8650722503662,0.9162610173225403
1,Right Wrist,537.0413970947266,276.77626848220825,0.7840039134025574
1,Left Hip,621.5363693237305,312.77687788009644,0.9989529848098755
1,Right Hip,572.405891418457,305.5580234527588,0.9988705515861511
1,Left Knee,618.7915802001953,406.81360244750977,0.9639979600906372
1,Right Knee,573.0588912963867,399.6724033355713,0.9496765732765198
1,Left Ankle,616.0476684570312,489.45164680480957,0.9612456560134888
1,Right Ankle,576.3737869262695,481.94910049438477,0.9478373527526855
2,Nose,615.3423309326172,111.71075463294983,0.9997699856758118
2,Left Eye,621.8928909301758,102.71024823188782,0.9993388652801514
2,Right Eye,625.1667022705078,103.35860252380371,0.9993937015533447
2,Left Ear,628.1505584716797,104.08456921577454,0.9994001388549805
2,Right Ear,612.3752975463867,101.03451132774353,0.9990851283073425
2,Left Shoulder,652.3114013671875,171.61216378211975,0.9998311400413513
2,Right Shoulder,560.9033966064453,158.95506620407104,0.999414324760437
2,Left Elbow,655.3931427001953,243.8333773612976,0.9658186435699463
2,Right Elbow,548.9190673828125,218.801372051239,0.9029024243354797
2,Left Wrist,649.2806243896484,302.2886252403259,0.9185677766799927
2,Right Wrist,541.65771484375,284.65582609176636,0.7915447354316711
2,Left Hip,622.1768188476562,312.0970559120178,0.9990118741989136
2,Right Hip,572.8348922729492,305.0171184539795,0.9989508390426636
2,Left Knee,618.8043212890625,404.0345764160156,0.9656150341033936
2,Right Knee,572.5558471679688,399.747633934021,0.952370822429657
2,Left Ankle,615.8517456054688,486.4600610733032,0.9627216458320618
2,Right Ankle,577.8366851806641,481.9466543197632,0.9508290886878967
3,Nose,615.3939819335938,111.7148745059967,0.9997816681861877
3,Left Eye,621.9118118286133,102.75992274284363,0.9993634819984436
3,Right Eye,625.1570892333984,103.36534023284912,0.999417781829834
3,Left Ear,628.1374359130859,104.07241344451904,0.9994179606437683
3,Right Ear,612.3691558837891,101.20281457901001,0.9991246461868286
3,Left Shoulder,651.3041687011719,171.6091275215149,0.9998401999473572
3,Right Shoulder,561.1040496826172,160.14875650405884,0.9994530081748962
3,Left Elbow,653.8383483886719,243.69328022003174,0.9666275978088379
3,Right Elbow,551.5012741088867,221.15766048431396,0.9057427644729614
3,Left Wrist,648.4296417236328,302.4214267730713,0.9209262132644653
3,Right Wrist,542.3580932617188,288.27974796295166,0.7981275320053101
3,Left Hip,622.2538375854492,309.212007522583,0.9990613460540771
3,Right Hip,573.0421829223633,302.48743057250977,0.9990237355232239
3,Left Knee,618.4051513671875,402.09643363952637,0.9677543044090271
3,Right Knee,572.155647277832,399.69162940979004,0.9554901719093323
3,Left Ankle,615.710563659668,486.12175941467285,0.9648984670639038
3,Right Ankle,578.072624206543,482.57497787475586,0.9541998505592346
4,Nose,615.0349807739258,111.32706999778748,0.9997884631156921
4,Left Eye,621.812744140625,102.22763299942017,0.9993700981140137
4,Right Eye,624.9904632568359,102.73876547813416,0.999424159526825
4,Left Ear,627.9811477661133,103.35739016532898,0.9994186758995056
4,Right Ear,611.9522094726562,100.93569874763489,0.9991403222084045
4,Left Shoulder,650.8427429199219,171.603924036026,0.999847948551178
4,Right Shoulder,561.09619140625,160.89428186416626,0.9994876384735107
4,Left Elbow,652.6171112060547,243.69572639465332,0.9671302437782288
4,Right Elbow,552.2255325317383,224.32427644729614,0.9069110751152039
4,Left Wrist,647.2932434082031,302.8154969215393,0.9226194024085999
4,Right Wrist,542.7458953857422,289.29697036743164,0.8043875694274902
4,Left Hip,622.1013259887695,309.1754221916199,0.9991147518157959
4,Right Hip,572.3820877075195,302.55645990371704,0.9990888833999634
4,Left Knee,618.1128692626953,400.82704067230225,0.9694950580596924
4,Right Knee,570.2398681640625,399.5087671279907,0.9581362009048462
4,Left Ankle,615.622444152832,483.53864192962646,0.9666529893875122
4,Right Ankle,578.3090972900391,482.3965358734131,0.9570381045341492
5,Nose,615.0188064575195,111.04558825492859,0.9998007416725159
5,Left Eye,621.797981262207,101.96576356887817,0.9994004964828491
5,Right Eye,624.9689483642578,102.45802402496338,0.9994519948959351
5,Left Ear,627.9689407348633,103.05041670799255,0.999445915222168
5,Right Ear,611.9184494018555,100.6418788433075,0.9991832971572876
5,Left Shoulder,650.2706146240234,171.7123281955719,0.9998569488525391
5,Right Shoulder,560.9934616088867,161.01428389549255,0.999513566493988
5,Left Elbow,651.6567230224609,243.8405442237854,0.9680452942848206
5,Right Elbow,552.7439117431641,226.09955549240112,0.9070338010787964
5,Left Wrist,646.221923828125,303.4230065345764,0.9247694611549377
5,Right Wrist,542.4584197998047,289.26165103912354,0.810973584651947
5,Left Hip,621.2853240966797,308.6933970451355,0.9991616606712341
5,Right Hip,571.3747406005859,302.6437282562256,0.9991306066513062
5,Left Knee,617.8936004638672,400.4621744155884,0.971200168132782
5,Right Knee,568.5533905029297,397.12889671325684,0.959929347038269
5,Left Ankle,615.6218719482422,482.3960208892822,0.968315601348877
5,Right Ankle,579.261589050293,480.0902223587036,0.9589397311210632
6,Nose,614.6665191650391,111.33898973464966,0.9998036623001099
6,Left Eye,621.7279815673828,102.35858917236328,0.9993916749954224
6,Right Eye,624.8918533325195,102.8726077079773,0.9994489550590515
6,Left Ear,627.8976440429688,103.43549609184265,0.9994369745254517
6,Right Ear,611.737174987793,100.86601495742798,0.9991717338562012
6,Left Shoulder,649.8199462890625,172.39669919013977,0.9998666048049927
6,Right Shoulder,561.0671997070312,161.33314490318298,0.9995262026786804
6,Left Elbow,651.2335205078125,244.729106426239,0.9698971509933472
6,Right Elbow,552.7884674072266,225.7495379447937,0.9011884331703186
6,Left Wrist,645.4482269287109,304.9743103981018,0.9288120269775391
6,Right Wrist,542.2443389892578,290.0164246559143,0.8186814785003662
6,Left Hip,619.8297119140625,310.2828097343445,0.9992198348045349
6,Right Hip,568.938102722168,304.48906660079956,0.9991881847381592
6,Left Knee,618.6626052856445,400.8816719055176,0.9732860326766968
6,Right Knee,559.4130706787109,395.68724155426025,0.9622523188591003
6,Left Ankle,619.3441009521484,482.39928245544434,0.9704357981681824
6,Right Ankle,574.2476654052734,472.9770040512085,0.9616995453834534
7,Nose,612.5634002685547,112.34761834144592,0.9998080134391785
7,Left Eye,620.2402496337891,104.37895774841309,0.9993936419487
7,Right Eye,623.3541107177734,105.12169361114502,0.9994452595710754
7,Left Ear,626.27685546875,105.82312345504761,0.999430775642395
7,Right Ear,610.2634811401367,102.14983820915222,0.9991811513900757
7,Left Shoulder,646.3505554199219,173.81054520606995,0.9998728632926941
7,Right Shoulder,560.3410720825195,162.1966552734375,0.999559760093689
7,Left Elbow,645.2368927001953,246.84556245803833,0.9703502655029297
7,Right Elbow,552.310676574707,231.6837215423584,0.9028838872909546
7,Left Wrist,644.4095611572266,311.4142084121704,0.9294564723968506
7,Right Wrist,538.1640625,294.9332785606384,0.8299006223678589
7,Left Hip,616.0491180419922,312.68686294555664,0.9992747902870178
7,Right Hip,564.9782180786133,305.93432664871216,0.9992448687553406
7,Left Knee,618.3242034912109,402.7105522155762,0.9739251136779785
7,Right Knee,551.725959777832,395.50146102905273,0.9628845453262329
7,Left Ankle,619.3058013916016,480.90943336486816,0.9698076844215393
7,Right Ankle,563.9733123779297,471.3737726211548,0.9625779390335083
8,Nose,611.9487762451172,120.74212789535522,0.9997733235359192
8,Left Eye,619.0369415283203,113.14509272575378,0.9992790222167969
8,Right Eye,621.8380737304688,113.74360084533691,0.999320924282074
8,Left Ear,624.4890594482422,114.32850480079651,0.9993178248405457
8,Right Ear,609.9796295166016,110.48544645309448,0.999051570892334
8,Left Shoulder,643.0706787109375,179.50117349624634,0.9998616576194763
8,Right Shoulder,558.864631652832,166.19469165802002,0.9995789527893066
8,Left Elbow,645.7662200927734,251.1257243156433,0.9669970870018005
8,Right Elbow,550.5630493164062,234.90567684173584,0.9051088690757751
8,Left Wrist,644.7584533691406,316.5787696838379,0.912205696105957
8,Right Wrist,535.9675979614258,297.54489183425903,0.8299763202667236
8,Left Hip,611.6057586669922,313.5739231109619,0.9992928504943848
8,Right Hip,558.4854125976562,307.24092721939087,0.9992551803588867
8,Left Knee,611.8238067626953,402.59931564331055,0.950337290763855
8,Right Knee,537.7455902099609,395.65003395080566,0.9449154138565063
8,Left Ankle,607.2360992431641,479.80517864227295,0.9428063631057739
8,Right Ankle,531.0036468505859,468.11482429504395,0.9411443471908569
9,Nose,608.6287307739258,128.24318289756775,0.9997023344039917
9,Left Eye,614.2420196533203,120.40496349334717,0.9989956617355347
9,Right Eye,616.6450119018555,120.9395170211792,0.9990383386611938
9,Left Ear,618.905143737793,121.49736285209656,0.9990724921226501
9,Right Ear,607.1977615356445,118.36623787879944,0.9987264275550842
9,Left Shoulder,639.009895324707,188.94986629486084,0.9998394846916199
9,Right Shoulder,556.9451141357422,172.94291496276855,0.9995847940444946
9,Left Elbow,644.9483489990234,260.5757689476013,0.9652236104011536
9,Right Elbow,548.4955978393555,245.1307725906372,0.9099205136299133
9,Left Wrist,647.6592254638672,324.51117753982544,0.910298228263855
9,Right Wrist,532.3931121826172,303.94412755966187,0.8338184356689453
9,Left Hip,606.2827682495117,318.3129358291626,0.9992537498474121
9,Right Hip,555.079345703125,310.6136226654053,0.999238133430481
9,Left Knee,601.7733764648438,406.8906354904175,0.9111515283584595
9,Right Knee,525.6922149658203,396.27711296081543,0.9236735105514526
9,Left Ankle,583.8896942138672,485.57188510894775,0.8940486311912537
9,Right Ankle,520.6646728515625,475.9582042694092,0.9056828618049622
10,Nose,601.2403106689453,148.61785411834717,0.9996858239173889
10,Left Eye,606.1115646362305,141.00966095924377,0.9989466667175293
10,Right Eye,608.5343551635742,141.48544192314148,0.9989874362945557
10,Left Ear,610.8870315551758,142.02463030815125,0.999033510684967
10,Right Ear,599.6825408935547,140.07958889007568,0.9986298084259033
10,Left Shoulder,633.7679290771484,208.97287845611572,0.9998375773429871
10,Right Shoulder,556.9120025634766,191.05048656463623,0.9995776414871216
10,Left Elbow,644.0695190429688,278.8787770271301,0.9647423624992371
10,Right Elbow,544.9979400634766,261.23790979385376,0.9049624800682068
10,Left Wrist,654.3915557861328,347.1639132499695,0.9102985858917236
10,Right Wrist,529.491081237793,323.72254371643066,0.8257564902305603
10,Left Hip,600.3135299682617,332.2029376029968,0.9992892146110535
10,Right Hip,552.918815612793,324.7716951370239,0.999262273311615
10,Left Knee,586.2640380859375,410.7294988632202,0.8957687020301819
10,Right Knee,516.8704986572266,399.95598793029785,0.9138626456260681
10,Left Ankle,555.2022171020508,475.7154321670532,0.8656668663024902
10,Right Ankle,509.6703338623047,463.63029956817627,0.8907556533813477
11,Nose,599.2155838012695,185.26410341262817,0.9996994733810425
11,Left Eye,604.4091033935547,175.39167523384094,0.9989885091781616
11,Right Eye,606.6905975341797,175.3406059741974,0.9990140199661255
11,Left Ear,608.6098098754883,175.30893445014954,0.9990534782409668
11,Right Ear,596.9509124755859,174.70988988876343,0.9987026453018188
11,Left Shoulder,627.5699996948242,235.16501426696777,0.9998397827148438
11,Right Shoulder,554.9616241455078,222.00244903564453,0.9996094107627869
11,Left Elbow,642.7290344238281,307.9514765739441,0.9576032757759094
11,Right Elbow,537.2157669067383,286.0586643218994,0.9105596542358398
11,Left Wrist,653.5614013671875,370.45825481414795,0.8931195735931396
11,Right Wrist,530.4315948486328,344.32785272598267,0.8343774676322937
11,Left Hip,595.831413269043,358.2910680770874,0.9993385672569275
11,Right Hip,552.281608581543,350.6986999511719,0.9993041753768921
11,Left Knee,582.5697708129883,422.75429248809814,0.895386278629303
11,Right Knee,508.9746856689453,413.1433582305908,0.9131720066070557
11,Left Ankle,543.2061004638672,476.8215751647949,0.8586835265159607
11,Right Ankle,506.7020034790039,459.1639280319214,0.8801230788230896
12,Nose,595.0654983520508,203.006272315979,0.9997258186340332
12,Left Eye,599.7811126708984,194.35505390167236,0.999075174331665
12,Right Eye,602.0658111572266,194.77219104766846,0.999093770980835
12,Left Ear,603.9517211914062,195.12971878051758,0.9991289377212524
12,Right Ear,592.3280715942383,192.5663423538208,0.9988201856613159
12,Left Shoulder,625.0688552856445,258.57651472091675,0.9998398423194885
12,Right Shoulder,553.2024002075195,242.03046083450317,0.9996442794799805
12,Left Elbow,636.6715621948242,336.5418291091919,0.9532807469367981
12,Right Elbow,535.1581954956055,311.2854838371277,0.9169690012931824
12,Left Wrist,648.4991455078125,403.90711784362793,0.8850448131561279
12,Right Wrist,531.1874389648438,371.7338275909424,0.847560703754425
12,Left Hip,593.2614135742188,379.76556301116943,0.9993845224380493
12,Right Hip,549.3022918701172,369.2156410217285,0.9993570446968079
12,Left Knee,560.6528472900391,450.6800365447998,0.8985632658004761
12,Right Knee,503.8810348510742,431.42967224121094,0.9173702597618103
12,Left Ankle,535.4523849487305,488.1313991546631,0.8531039953231812
12,Right Ankle,507.04627990722656,463.0028772354126,0.8651196360588074
13,Nose,587.3640060424805,228.6058759689331,0.9994872808456421
13,Left Eye,589.5996856689453,222.0983648300171,0.9985607862472534
13,Right Eye,591.5812301635742,222.80320644378662,0.9984692335128784
13,Left Ear,593.2379913330078,223.38582515716553,0.9986460208892822
13,Right Ear,583.7564849853516,220.58336734771729,0.9984798431396484
13,Left Shoulder,610.3319549560547,281.87594175338745,0.9990838766098022
13,Right Shoulder,550.7137298583984,271.52435302734375,0.9995518922805786
13,Left Elbow,594.9706268310547,361.9025230407715,0.8839108943939209
13,Right Elbow,536.7238235473633,343.0019187927246,0.9114722609519958
13,Left Wrist,582.8468704223633,423.4163475036621,0.8188571929931641
13,Right Wrist,545.5960083007812,403.56958866119385,0.8402237296104431
13,Left Hip,587.3101043701172,409.530873298645,0.9993940591812134
13,Right Hip,539.9922943115234,394.2347288131714,0.9994032382965088
13,Left Knee,567.1903228759766,460.67102909088135,0.8971066474914551
13,Right Knee,480.04173278808594,411.8396759033203,0.91605144739151
13,Left Ankle,528.917121887207,451.53220653533936,0.7856361865997314
13,Right Ankle,517.8017425537109,455.9332609176636,0.8259773850440979
14,Nose,590.4058074951172,283.1815767288208,0.99953693151474
14,Left Eye,593.9980316162109,272.4415612220764,0.9987019300460815
14,Right Eye,594.6340179443359,272.38967657089233,0.9986189603805542
14,Left Ear,594.1999435424805,272.2042179107666,0.9987782835960388
14,Right Ear,590.2291107177734,269.8582720756531,0.9986289739608765
14,Left Shoulder,616.6953659057617,324.40436124801636,0.9991694092750549
14,Right Shoulder,549.8989868164062,296.78977489471436,0.9995946884155273
14,Left Elbow,611.3917922973633,400.073618888855,0.8940259218215942
14,Right Elbow,542.3617553710938,371.60619735717773,0.918448269367218
14,Left Wrist,651.1048126220703,477.05679416656494,0.8334642648696899
14,Right Wrist,570.2196502685547,438.55846881866455,0.8528231978416443
14,Left Hip,591.9970703125,432.12867736816406,0.9994499087333679
14,Right Hip,543.2218551635742,413.24146270751953,0.9994600415229797
14,Left Knee,555.3750610351562,450.7684850692749,0.9046739339828491
14,Right Knee,471.9215774536133,427.7590799331665,0.9197095632553101
14,Left Ankle,547.513427734375,460.17003536224365,0.7659802436828613
14,Right Ankle,525.890998840332,458.89519214630127,0.7934243679046631
15,Nose,613.7877655029297,324.4356679916382,0.9995824098587036
15,Left Eye,617.6616668701172,314.7753596305847,0.9988305568695068
15,Right Eye,619.6027755737305,314.70141649246216,0.9987555146217346
15,Left Ear,620.7810592651367,314.6547245979309,0.9988991022109985
15,Right Ear,609.7815704345703,312.6286268234253,0.9987648129463196
15,Left Shoulder,635.5257415771484,361.8870735168457,0.999248206615448
15,Right Shoulder,552.4942779541016,338.7215209007263,0.9996324181556702
15,Left Elbow,639.8341751098633,428.2193899154663,0.9029828906059265
15,Right Elbow,562.7906036376953,415.5609083175659,0.9250454306602478
15,Left Wrist,662.4765014648438,493.25064182281494,0.8468449711799622
15,Right Wrist,598.0248260498047,476.6767358779907,0.864988386631012
15,Left Hip,597.774772644043,455.6007957458496,0.9994993805885315
15,Right Hip,546.4634323120117,433.6346626281738,0.9995085000991821
15,Left Knee,590.7230377197266,485.6721353530884,0.9085829257965088
15,Right Knee,474.9496841430664,437.8695058822632,0.9214418530464172
15,Left Ankle,597.0166778564453,484.0804052352905,0.735365629196167
15,Right Ankle,541.3977813720703,472.76654720306396,0.7643365859985352
16,Nose,629.7127151489258,359.1635799407959,0.9996176958084106
16,Left Eye,636.7337036132812,349.0685176849365,0.9989415407180786
16,Right Eye,639.8703002929688,349.5357370376587,0.9988720417022705
16,Left Ear,642.5249481201172,349.99825716018677,0.999001681804657
16,Right Ear,627.9948806762695,345.69878339767456,0.9988798499107361
16,Left Shoulder,652.0693206787109,391.7053413391113,0.999312698841095
16,Right Shoulder,576.2213134765625,363.8768434524536,0.9996446967124939
16,Left Elbow,646.5161895751953,456.78118228912354,0.904718816280365
16,Right Elbow,577.6057815551758,439.1110038757324,0.9243301749229431
16,Left Wrist,665.679931640625,513.6352586746216,0.8526808619499207
16,Right Wrist,612.1625518798828,501.65449619293213,0.862709105014801
16,Left Hip,609.5783233642578,479.1590881347656,0.9995391368865967
16,Right Hip,561.9587326049805,457.50426292419434,0.9995281100273132
16,Left Knee,607.5784301757812,481.60985469818115,0.906542956829071
16,Right Knee,478.6311721801758,447.60189056396484,0.9137170910835266
16,Left Ankle,592.4712371826172,496.0612964630127,0.7140507698059082
16,Right Ankle,500.1264190673828,474.7479057312012,0.7573115825653076
17,Nose,652.8614044189453,394.3480682373047,0.9996192455291748
17,Left Eye,655.8164978027344,384.9624824523926,0.9989990592002869
17,Right Eye,656.5486145019531,384.6435356140137,0.9989213943481445
17,Left Ear,656.8606567382812,385.66693782806396,0.9990463256835938
17,Right Ear,652.5514221191406,384.10035610198975,0.9989371299743652
17,Left Shoulder,657.5625610351562,420.3683280944824,0.9993426203727722
17,Right Shoulder,598.1022262573242,400.55551528930664,0.9996498227119446
17,Left Elbow,645.0239562988281,479.60373401641846,0.8671325445175171
17,Right Elbow,589.0218353271484,471.6610908508301,0.9202666282653809
17,Left Wrist,659.9012756347656,520.2173566818237,0.8155840039253235
17,Right Wrist,621.7787551879883,528.0661010742188,0.8506432771682739
17,Left Hip,610.5164337158203,495.1566410064697,0.9994832277297974
17,Right Hip,572.7201080322266,486.81110858917236,0.9994825124740601
17,Left Knee,605.805778503418,477.11331367492676,0.8799042105674744
17,Right Knee,486.07189178466797,464.4760322570801,0.8879525065422058
17,Left Ankle,593.2558441162109,503.0712604522705,0.6870025396347046
17,Right Ankle,481.64600372314453,482.4385929107666,0.7413858771324158
18,Nose,680.5284118652344,442.1659755706787,0.9993861317634583
18,Left Eye,685.8463287353516,435.6658458709717,0.9988068342208862
18,Right Eye,686.3357543945312,435.04310131073,0.9986766576766968
18,Left Ear,687.5738525390625,434.566011428833,0.9987773895263672
18,Right Ear,683.3861541748047,434.50923442840576,0.9988740086555481
18,Left Shoulder,679.49951171875,435.6257200241089,0.9993720650672913
18,Right Shoulder,619.5885467529297,428.7402534484863,0.9996697306632996
18,Left Elbow,655.3395843505859,485.5712413787842,0.7883560657501221
18,Right Elbow,590.6925201416016,488.6942768096924,0.9250586628913879
18,Left Wrist,661.1898040771484,513.7595844268799,0.7728708386421204
18,Right Wrist,632.6715850830078,533.2534074783325,0.8600752949714661
18,Left Hip,619.5832061767578,480.7486295700073,0.9995086193084717
18,Right Hip,586.6852951049805,469.8584747314453,0.999519407749176
18,Left Knee,560.7238006591797,480.3952217102051,0.8143314123153687
18,Right Knee,489.6784210205078,464.3103790283203,0.8753911852836609
18,Left Ankle,498.5224151611328,497.03174114227295,0.6433449983596802
18,Right Ankle,429.9182891845703,481.27485752105713,0.7513138055801392
19,Nose,673.1341552734375,483.2996892929077,0.9978196620941162
19,Left Eye,676.7146301269531,481.08989238739014,0.9971469640731812
19,Right Eye,677.0799255371094,480.4161214828491,0.9961104393005371
19,Left Ear,677.6824951171875,479.62055683135986,0.9965667128562927
19,Right Ear,674.37744140625,480.7199192047119,0.9980705380439758
19,Left Shoulder,664.0926361083984,447.0700407028198,0.9991540908813477
19,Right Shoulder,614.4626617431641,463.1919193267822,0.999694287776947
19,Left Elbow,641.0512542724609,480.72185039520264,0.7124829292297363
19,Right Elbow,586.4982223510742,498.6493921279907,0.9293580055236816
19,Left Wrist,637.6382446289062,504.34614658355713,0.7075326442718506
19,Right Wrist,631.649284362793,531.9988203048706,0.8687650561332703
19,Left Hip,616.1140823364258,460.11252880096436,0.9995244741439819
19,Right Hip,582.210807800293,455.17280101776123,0.9995659589767456
19,Left Knee,610.6241989135742,468.86807441711426,0.7475062012672424
19,Right Knee,515.7403564453125,478.81014347076416,0.8709408044815063
19,Left Ankle,544.1059112548828,482.2042751312256,0.5925763845443726
19,Right Ankle,429.5804977416992,479.0493965148926,0.7567840814590454
20,Nose,677.7131652832031,502.9687786102295,0.9972994923591614
20,Left Eye,687.611083984375,501.9824552536011,0.9969788193702698
20,Right Eye,689.4392395019531,502.98388481140137,0.9958915710449219
20,Left Ear,690.7483673095703,503.89317512512207,0.9961842894554138
20,Right Ear,685.6504058837891,497.1874809265137,0.9980552792549133
20,Left Shoulder,684.9050903320312,480.5378293991089,0.9988651871681213
20,Right Shoulder,636.205940246582,458.632550239563,0.9997101426124573
20,Left Elbow,630.9560394287109,495.7536792755127,0.6437093019485474
20,Right Elbow,588.0226898193359,497.62208461761475,0.9340158104896545
20,Left Wrist,629.9856567382812,521.3780450820923,0.6456106901168823
20,Right Wrist,631.5839385986328,536.5716648101807,0.8785499930381775
20,Left Hip,626.4815139770508,477.85746574401855,0.9995604157447815
20,Right Hip,585.6820678710938,456.34846687316895,0.9996064305305481
20,Left Knee,572.7217864990234,491.7664575576782,0.7565478086471558
20,Right Knee,527.3772048950195,477.842059135437,0.8740648627281189
20,Left Ankle,481.7737579345703,486.82063579559326,0.6009195446968079
20,Right Ankle,467.4723434448242,491.122727394104,0.7596631050109863
21,Nose,691.9107818603516,518.2900285720825,0.9912945032119751
21,Left Eye,702.8496551513672,519.7571325302124,0.9927150011062622
21,Right Eye,704.1484069824219,521.2005043029785,0.9903063774108887
21,Left Ear,705.7077026367188,522.6661920547485,0.9885732531547546
21,Right Ear,700.9443664550781,513.4319257736206,0.9965748190879822
21,Left Shoulder,705.9368133544922,491.39888763427734,0.9983428716659546
21,Right Shoulder,639.9580001831055,479.34207916259766,0.9997230172157288
21,Left Elbow,645.8875274658203,503.53890895843506,0.5818535089492798
21,Right Elbow,591.6513061523438,499.4287347793579,0.9373528957366943
21,Left Wrist,627.1917724609375,502.7414131164551,0.585912823677063
21,Right Wrist,629.9007034301758,534.6895694732666,0.8822264671325684
21,Left Hip,645.6520843505859,479.79509353637695,0.9995970129966736
21,Right Hip,598.1621551513672,451.54911518096924,0.9996439218521118
21,Left Knee,575.909423828125,509.36367988586426,0.7715994715690613
21,Right Knee,537.9848480224609,472.67899990081787,0.8757129311561584
21,Left Ankle,499.75425720214844,492.0954895019531,0.6124971508979797
21,Right Ankle,459.97589111328125,488.6081027984619,0.7762796878814697
22,Nose,702.6309204101562,527.125997543335,0.9840144515037537
22,Left Eye,712.5777435302734,527.2811365127563,0.9886539578437805
22,Right Eye,713.602294921875,528.4842681884766,0.9851985573768616
22,Left Ear,714.6145629882812,529.7708702087402,0.9835931658744812
22,Right Ear,711.1391448974609,521.8338060379028,0.9952120780944824
22,Left Shoulder,711.4668273925781,481.07285499572754,0.9974527955055237
22,Right Shoulder,646.0036468505859,488.1385660171509,0.9996935725212097
22,Left Elbow,662.2895812988281,487.79987812042236,0.5248014330863953
22,Right Elbow,593.1683349609375,501.484637260437,0.9427661895751953
22,Left Wrist,630.4749298095703,495.8597660064697,0.5299981832504272
22,Right Wrist,627.5519561767578,537.1355724334717,0.8911112546920776
22,Left Hip,654.8257446289062,468.5533332824707,0.9996241927146912
22,Right Hip,617.8964996337891,457.81402587890625,0.9996727705001831
22,Left Knee,588.3415603637695,491.74328327178955,0.7757649421691895
22,Right Knee,540.392951965332,483.84007930755615,0.873482346534729
22,Left Ankle,495.4766845703125,491.2960624694824,0.624234676361084
22,Right Ankle,463.35594177246094,494.89545822143555,0.7768000364303589
23,Nose,708.9984130859375,527.9749059677124,0.9834603071212769
23,Left Eye,718.6927795410156,529.4719648361206,0.987729012966156
23,Right Eye,719.8986053466797,530.90980052948,0.983931839466095
23,Left Ear,721.2022399902344,532.4185752868652,0.9817799925804138
23,Right Ear,717.5424957275391,523.5938930511475,0.9947606921195984
23,Left Shoulder,731.2642669677734,491.6062545776367,0.9963692426681519
23,Right Shoulder,651.9960021972656,482.05862045288086,0.9997097849845886
23,Left Elbow,696.1154174804688,506.32986545562744,0.4745025634765625
23,Right Elbow,596.3230514526367,500.22202491760254,0.9469313025474548
23,Left Wrist,673.5525512695312,512.8907632827759,0.4810101389884949
23,Right Wrist,629.221305847168,542.1110916137695,0.8965439796447754
23,Left Hip,671.8641662597656,467.80858039855957,0.9996172189712524
23,Right Hip,627.6139450073242,457.5222873687744,0.9997028708457947
23,Left Knee,669.3833923339844,472.14144229888916,0.7431007027626038
23,Right Knee,543.8515090942383,485.16045570373535,0.8743287920951843
23,Left Ankle,604.6817016601562,491.94438457489014,0.5981708765029907
23,Right Ankle,461.2091064453125,494.60243225097656,0.7873846292495728
24,Nose,709.9845886230469,524.2129039764404,0.9820083379745483
24,Left Eye,721.1172485351562,527.7138519287109,0.9860295057296753
24,Right Eye,722.2673797607422,530.0938081741333,0.9812823534011841
24,Left Ear,723.4850311279297,532.3205137252808,0.9780042767524719
24,Right Ear,719.7664642333984,519.0678262710571,0.9942134618759155
24,Left Shoulder,739.8313903808594,506.8401288986206,0.9916766285896301
24,Right Shoulder,672.25830078125,476.4942169189453,0.9997036457061768
24,Left Elbow,704.7104644775391,513.316912651062,0.427969366312027
24,Right Elbow,598.1695556640625,493.0600118637085,0.9513301253318787
24,Left Wrist,684.4995880126953,524.605278968811,0.4341740310192108
24,Right Wrist,630.1880645751953,540.3210926055908,0.903096616268158
24,Left Hip,682.2855377197266,478.5411500930786,0.9995916485786438
24,Right Hip,643.5427856445312,455.081262588501,0.999721348285675
24,Left Knee,640.1219177246094,487.876353263855,0.7251417636871338
24,Right Knee,558.8660430908203,480.19429206848145,0.8678999543190002
24,Left Ankle,574.8447799682617,494.40510749816895,0.5728813409805298
24,Right Ankle,467.85587310791016,495.729603767395,0.7919859290122986
25,Nose,713.0247497558594,524.8591232299805,0.9837009906768799
25,Left Eye,725.8912658691406,529.0811777114868,0.9872550964355469
25,Right Eye,727.7677917480469,532.0667123794556,0.9829061031341553
25,Left Ear,729.6578979492188,534.6104764938354,0.9798285961151123
25,Right Ear,723.0111694335938,518.4328079223633,0.9947270750999451
25,Left Shoulder,750.6417083740234,521.35817527771,0.9921466112136841
25,Right Shoulder,675.0109100341797,474.2418909072876,0.9997197985649109
25,Left Elbow,764.5336151123047,537.2315740585327,0.41692858934402466
25,Right Elbow,603.077507019043,489.83848571777344,0.9549413323402405
25,Left Wrist,772.2028350830078,558.9445066452026,0.41961443424224854
25,Right Wrist,632.475471496582,538.0357217788696,0.9083033204078674
25,Left Hip,694.6200561523438,491.4772939682007,0.9996119141578674
25,Right Hip,656.3168334960938,460.12561798095703,0.9997441172599792
25,Left Knee,654.5307922363281,485.252423286438,0.7053458094596863
25,Right Knee,573.0497360229492,476.9177484512329,0.8592156171798706
25,Left Ankle,591.2670135498047,502.71918296813965,0.5493289232254028
25,Right Ankle,478.8579559326172,493.1658411026001,0.7991947531700134
26,Nose,713.1632995605469,526.0296821594238,0.9852759838104248
26,Left Eye,726.0649108886719,530.021538734436,0.9884350895881653
26,Right Eye,727.8251647949219,532.345232963562,0.984451413154602
26,Left Ear,729.7752380371094,534.520525932312,0.981631875038147
26,Right Ear,723.3171844482422,520.9025430679321,0.995232343673706
26,Left Shoulder,743.7083435058594,502.6718044281006,0.9919143319129944
26,Right Shoulder,669.3735504150391,474.58765983581543,0.9997406005859375
26,Left Elbow,755.0245666503906,527.028923034668,0.3848309814929962
26,Right Elbow,603.7125778198242,494.48737621307373,0.9577994346618652
26,Left Wrist,773.9689636230469,556.4536142349243,0.39107081294059753
26,Right Wrist,638.710823059082,541.6776895523071,0.9115145802497864
26,Left Hip,673.5569763183594,492.4774360656738,0.9995442628860474
26,Right Hip,634.1404342651367,461.26184463500977,0.9997629523277283
26,Left Knee,652.1401977539062,491.9363594055176,0.6583654284477234
26,Right Knee,559.1127777099609,479.0786647796631,0.8518772721290588
26,Left Ankle,578.2543182373047,506.2103462219238,0.5197860598564148
26,Right Ankle,478.8936233520508,490.69902420043945,0.8057538866996765
27,Nose,712.2853088378906,525.0250339508057,0.9867303967475891
27,Left Eye,723.7717437744141,529.2656707763672,0.9895678758621216
27,Right Eye,725.3526306152344,532.2459697723389,0.9859614372253418
27,Left Ear,727.1242523193359,535.1433563232422,0.9834001660346985
27,Right Ear,722.1309661865234,520.3026723861694,0.9957040548324585
27,Left Shoulder,738.8786315917969,518.645453453064,0.9914875626564026
27,Right Shoulder,675.2508544921875,472.7300691604614,0.9997629523277283
27,Left Elbow,737.5087738037109,538.4601545333862,0.35640764236450195
27,Right Elbow,604.4541168212891,494.55273628234863,0.961539089679718
27,Left Wrist,756.7871856689453,558.6371469497681,0.3654158115386963
27,Right Wrist,641.3731384277344,543.5980653762817,0.9188187122344971
27,Left Hip,669.4000244140625,500.36845207214355,0.9994798898696899
27,Right Hip,638.2546997070312,474.8360538482666,0.9997772574424744
27,Left Knee,612.2968292236328,507.2927141189575,0.6352309584617615
27,Right Knee,561.9171142578125,486.0975980758667,0.8522348999977112
27,Left Ankle,556.5582275390625,505.4930591583252,0.5074615478515625
27,Right Ankle,488.3531951904297,491.568660736084,0.8146317005157471
28,Nose,709.8597717285156,530.0390481948853,0.9880189895629883
28,Left Eye,720.335693359375,533.78173828125,0.9905391931533813
28,Right Eye,721.3246154785156,536.0144090652466,0.9872630834579468
28,Left Ear,722.5302124023438,538.1763982772827,0.984885036945343
28,Right Ear,719.8354339599609,525.9085750579834,0.9961131811141968
28,Left Shoulder,728.9802551269531,516.871075630188,0.9916048645973206
28,Right Shoulder,675.7535552978516,472.8769254684448,0.9997836351394653
28,Left Elbow,673.1534576416016,520.2398872375488,0.3235616683959961
28,Right Elbow,606.6685104370117,499.06867504119873,0.9648643136024475
28,Left Wrist,640.6737518310547,537.428297996521,0.332912415266037
28,Right Wrist,643.31298828125,543.4097099304199,0.925107479095459
28,Left Hip,646.1952209472656,508.0339479446411,0.999387264251709
28,Right Hip,627.1552658081055,488.17864894866943,0.9997913241386414
28,Left Knee,584.9180221557617,513.4181499481201,0.6199540495872498
28,Right Knee,545.4780960083008,493.6452913284302,0.8609578609466553
28,Left Ankle,531.9557571411133,509.9592161178589,0.5146569013595581
28,Right Ankle,469.4826889038086,495.1330804824829,0.8286005854606628
29,Nose,707.9568481445312,530.8778715133667,0.9891997575759888
29,Left Eye,717.8950500488281,535.2242946624756,0.9914610981941223
29,Right Eye,718.6146545410156,537.1197366714478,0.9885034561157227
29,Left Ear,719.4913482666016,538.861026763916,0.9863525032997131
29,Right Ear,717.8712463378906,527.5963926315308,0.9964888691902161
29,Left Shoulder,719.8349761962891,499.46778774261475,0.9922757744789124
29,Right Shoulder,676.0997772216797,475.84306240081787,0.9997972249984741
29,Left Elbow,653.0458068847656,515.3723001480103,0.2944056987762451
29,Right Elbow,604.5404052734375,499.7437334060669,0.9661528468132019
29,Left Wrist,638.5095977783203,531.9430732727051,0.30735358595848083
29,Right Wrist,642.2399139404297,543.3343505859375,0.9245910048484802
29,Left Hip,629.1050338745117,501.763072013855,0.9992769360542297
29,Right Hip,606.9113159179688,487.6917314529419,0.9997881054878235
29,Left Knee,576.5833282470703,513.4939384460449,0.6119496822357178
29,Right Knee,542.4326705932617,496.30003452301025,0.870471179485321
29,Left Ankle,522.1814727783203,513.4740686416626,0.5338365435600281
29,Right Ankle,469.3206024169922,495.77427864074707,0.8411245942115784
30,Nose,709.5928955078125,531.4267158508301,0.9902747273445129
30,Left Eye,719.6134948730469,537.429928779602,0.9923059344291687
30,Right Eye,720.1432800292969,539.97802734375,0.9896402955055237
30,Left Ear,720.7848358154297,542.0372772216797,0.9876999855041504
30,Right Ear,720.1524353027344,527.0130014419556,0.9968337416648865
30,Left Shoulder,706.3859558105469,520.1358604431152,0.9929717183113098
30,Right Shoulder,680.8213806152344,475.36253929138184,0.9997997879981995
30,Left Elbow,641.1924743652344,518.3547878265381,0.27487796545028687
30,Right Elbow,606.5902709960938,499.6899604797363,0.9682859182357788
30,Left Wrist,624.9859619140625,532.5645303726196,0.29231151938438416
30,Right Wrist,642.3058319091797,543.3770084381104,0.9279909729957581
30,Left Hip,607.170524597168,508.9581298828125,0.9993131756782532
30,Right Hip,596.2498092651367,486.48877143859863,0.9997471570968628
30,Left Knee,534.8273849487305,516.3127040863037,0.6132933497428894
30,Right Knee,527.5883102416992,501.73985481262207,0.8719015717506409
30,Left Ankle,465.7896041870117,512.3533344268799,0.5553791522979736
30,Right Ankle,459.48787689208984,496.1009931564331,0.8443857431411743
31,Nose,709.1902160644531,535.75026512146,0.9912103414535522
31,Left Eye,719.3006134033203,540.5449819564819,0.9930241107940674
31,Right Eye,720.0826263427734,542.6577043533325,0.9906035661697388
31,Left Ear,720.9991455078125,544.3325185775757,0.9888730645179749
31,Right Ear,719.1822814941406,531.6084623336792,0.9971166849136353
31,Left Shoulder,707.2825622558594,511.4486789703369,0.9935912489891052
31,Right Shoulder,680.5352020263672,476.5543842315674,0.9997597932815552
31,Left Elbow,649.3597412109375,514.7295570373535,0.25543224811553955
31,Right Elbow,608.3046340942383,505.03922939300537,0.9666491150856018
31,Left Wrist,629.7187042236328,530.5209445953369,0.27619239687919617
31,Right Wrist,642.6266479492188,544.36607837677,0.9228069186210632
31,Left Hip,613.7306594848633,502.61348247528076,0.999261736869812
31,Right Hip,596.8403244018555,479.91392612457275,0.9996628165245056
31,Left Knee,543.4014129638672,515.391526222229,0.5789169073104858
31,Right Knee,526.7683792114258,500.7428455352783,0.8653435707092285
31,Left Ankle,479.93770599365234,511.4503526687622,0.5379583239555359
31,Right Ankle,459.89356994628906,496.018123626709,0.842755138874054
32,Nose,708.9054870605469,532.8455400466919,0.9920721054077148
32,Left Eye,718.739013671875,537.9004526138306,0.9936983585357666
32,Right Eye,719.3622589111328,540.1205921173096,0.9915072321891785
32,Left Ear,720.1365661621094,542.2680759429932,0.9899548292160034
32,Right Ear,718.8034057617188,529.9679374694824,0.9973843097686768
32,Left Shoulder,708.5786437988281,504.73392963409424,0.9941987991333008
32,Right Shoulder,680.1193237304688,477.6331901550293,0.9997186064720154
32,Left Elbow,649.5639038085938,514.6875,0.24763548374176025
32,Right Elbow,606.6065216064453,509.3506336212158,0.96601802110672
32,Left Wrist,641.5492248535156,529.3823146820068,0.274454265832901
32,Right Wrist,642.6985931396484,545.1479530334473,0.9203394651412964
32,Left Hip,610.5373001098633,495.75745582580566,0.9992712140083313
32,Right Hip,597.5016021728516,478.13156604766846,0.9995532035827637
32,Left Knee,546.1066436767578,514.2443132400513,0.5591297149658203
32,Right Knee,529.3674468994141,512.7759218215942,0.8642066717147827
32,Left Ankle,466.8628692626953,509.74708557128906,0.5346800684928894
32,Right Ankle,458.1691360473633,505.8364248275757,0.8445588946342468
33,Nose,709.1686248779297,533.2371854782104,0.9928452968597412
33,Left Eye,719.3008422851562,538.31711769104,0.994295060634613
33,Right Eye,719.9819946289062,540.4128885269165,0.9923121929168701
33,Left Ear,720.7984161376953,542.245717048645,0.9909197092056274
33,Right Ear,719.2555236816406,529.6257734298706,0.9976167678833008
33,Left Shoulder,708.4912109375,514.7245359420776,0.9947428107261658
33,Right Shoulder,680.95947265625,478.1771421432495,0.999675452709198
33,Left Elbow,651.6019439697266,515.262565612793,0.24294626712799072
33,Right Elbow,605.760498046875,509.49113845825195,0.9640368223190308
33,Left Wrist,631.5061569213867,530.2539253234863,0.2774165868759155
33,Right Wrist,642.7430725097656,544.6888017654419,0.9174175262451172
33,Left Hip,613.5275268554688,495.64656257629395,0.9992331862449646
33,Right Hip,599.5008087158203,474.0634059906006,0.999475359916687
33,Left Knee,549.0506744384766,514.0368604660034,0.5388603210449219
33,Right Knee,530.2326583862305,507.3491907119751,0.8639286160469055
33,Left Ankle,484.0209197998047,507.827353477478,0.5213350653648376
33,Right Ankle,460.24723052978516,502.5662326812744,0.8466556072235107
34,Nose,709.7758483886719,533.9825391769409,0.9935418367385864
34,Left Eye,719.7950744628906,539.2442178726196,0.9948434233665466
34,Right Eye,720.5033111572266,541.2790489196777,0.9930509924888611
34,Left Ear,721.3602447509766,542.9052829742432,0.9917998909950256
34,Right Ear,719.7135925292969,530.2166748046875,0.9978358149528503
34,Left Shoulder,705.5142211914062,511.0014581680298,0.9952326416969299
34,Right Shoulder,681.1286926269531,479.1787004470825,0.9996458292007446
34,Left Elbow,642.1235656738281,514.8942232131958,0.23784825205802917
34,Right Elbow,605.1972579956055,511.73582553863525,0.9611795544624329
34,Left Wrist,637.4846649169922,530.990309715271,0.276915580034256
34,Right Wrist,643.2413482666016,545.0301504135132,0.9110519289970398
34,Left Hip,610.9442138671875,490.91716289520264,0.9991769790649414
34,Right Hip,599.1315841674805,471.3532590866089,0.9994162917137146
34,Left Knee,540.8955764770508,513.9736890792847,0.5210701823234558
34,Right Knee,527.206916809082,511.3516902923584,0.8674324154853821
34,Left Ankle,469.2559051513672,507.5623941421509,0.5157591700553894
34,Right Ankle,448.3980941772461,509.4639301300049,0.8541778922080994
35,Nose,709.7293090820312,532.8960084915161,0.9941771030426025
35,Left Eye,719.5869445800781,538.4536743164062,0.9953453540802002
35,Right Eye,720.3436279296875,540.69411277771,0.9937258958816528
35,Left Ear,721.2808990478516,542.4899482727051,0.9925979375839233
35,Right Ear,719.7610473632812,528.8939809799194,0.998041033744812
35,Left Shoulder,704.6908569335938,513.698558807373,0.995670735836029
35,Right Shoulder,682.1855163574219,479.08008098602295,0.9996340274810791
35,Left Elbow,642.2679138183594,518.5626697540283,0.23751787841320038
35,Right Elbow,605.915641784668,511.4222002029419,0.9582659006118774
35,Left Wrist,635.2824783325195,531.8284893035889,0.2921290695667267
35,Right Wrist,645.6268310546875,544.8971128463745,0.9100255370140076
35,Left Hip,613.7826538085938,491.0490417480469,0.9991022944450378
35,Right Hip,599.1434860229492,467.8965997695923,0.9993839263916016
35,Left Knee,554.7502517700195,525.2119731903076,0.5156055092811584
35,Right Knee,519.6685791015625,509.9060869216919,0.8704264163970947
35,Left Ankle,482.4982452392578,514.7019195556641,0.5104453563690186
35,Right Ankle,440.4750442504883,509.5888137817383,0.8639562726020813
36,Nose,710.0121307373047,532.805585861206,0.9947478175163269
36,Left Eye,719.95849609375,538.4341478347778,0.9957948923110962
36,Right Eye,720.6948852539062,540.758957862854,0.9943307042121887
36,Left Ear,721.7205810546875,542.6524257659912,0.9933159947395325
36,Right Ear,720.6600189208984,528.5497570037842,0.9982250332832336
36,Left Shoulder,705.0818634033203,515.279860496521,0.9960612654685974
36,Right Shoulder,683.5224914550781,478.6880922317505,0.9996203780174255
36,Left Elbow,644.9422454833984,519.2245531082153,0.23521104454994202
36,Right Elbow,608.15185546875,510.52024841308594,0.9534264206886292
36,Left Wrist,638.209114074707,532.0360279083252,0.3029918372631073
36,Right Wrist,645.2468872070312,544.3084859848022,0.9051925539970398
36,Left Hip,616.7365646362305,494.28202629089355,0.9990237951278687
36,Right Hip,599.5955276489258,466.2244462966919,0.9993679523468018
36,Left Knee,558.1575775146484,521.960620880127,0.5084402561187744
36,Right Knee,521.4827728271484,507.07032680511475,0.8752309083938599
36,Left Ankle,495.8201217651367,512.6619386672974,0.5022903084754944
36,Right Ankle,446.8841552734375,507.6483964920044,0.8721839189529419
37,Nose,710.2047729492188,531.452465057373,0.9952470660209656
37,Left Eye,719.9565124511719,537.097635269165,0.9961763024330139
37,Right Eye,720.6228637695312,539.5862531661987,0.9948459267616272
37,Left Ear,721.6349792480469,541.7036533355713,0.9939373135566711
37,Right Ear,721.0513305664062,526.8847703933716,0.9983755350112915
37,Left Shoulder,704.9824523925781,517.2702741622925,0.9964091181755066
37,Right Shoulder,683.7416076660156,478.71049404144287,0.9995794296264648
37,Left Elbow,647.1630096435547,520.3798770904541,0.2364860475063324
37,Right Elbow,608.7592697143555,509.07756328582764,0.9505904912948608
37,Left Wrist,637.1174240112305,534.4228935241699,0.31124624609947205
37,Right Wrist,644.8725891113281,544.0924072265625,0.9000312685966492
37,Left Hip,617.6036834716797,496.2550163269043,0.9989928007125854
37,Right Hip,600.1430130004883,465.66925048828125,0.9993161559104919
37,Left Knee,544.5795440673828,519.1687202453613,0.49280962347984314
37,Right Knee,521.2763595581055,505.6039524078369,0.8742805123329163
37,Left Ankle,482.7587127685547,511.872296333313,0.4908849596977234
37,Right Ankle,448.5853958129883,506.6749906539917,0.8756887316703796
38,Nose,710.3498077392578,531.3274526596069,0.9956825971603394
38,Left Eye,720.0178527832031,536.8727588653564,0.9965031147003174
38,Right Eye,720.6853485107422,539.3912887573242,0.9952934384346008
38,Left Ear,721.7469787597656,541.5675258636475,0.9944829344749451
38,Right Ear,721.2856292724609,526.4831686019897,0.9984949231147766
38,Left Shoulder,705.1033782958984,518.3180522918701,0.9967265725135803
38,Right Shoulder,683.3718872070312,478.5948371887207,0.9995180368423462
38,Left Elbow,645.9005737304688,519.514274597168,0.23810429871082306
38,Right Elbow,608.8207244873047,508.099308013916,0.9494402408599854
38,Left Wrist,633.2875442504883,533.8700151443481,0.3195626139640808
38,Right Wrist,644.7198486328125,544.0228414535522,0.8974547386169434
38,Left Hip,615.624885559082,494.5976686477661,0.9990086555480957
38,Right Hip,600.5255889892578,465.06186962127686,0.9992744326591492
38,Left Knee,540.5100250244141,517.7080535888672,0.4808858335018158
38,Right Knee,521.8277740478516,504.6562099456787,0.8760239481925964
38,Left Ankle,473.96385192871094,511.73707008361816,0.4855499267578125
38,Right Ankle,447.9562759399414,505.6638193130493,0.8810837268829346
39,Nose,710.4124450683594,531.1088418960571,0.9960545897483826
39,Left Eye,720.0168609619141,536.6032075881958,0.9967641234397888
39,Right Eye,720.7035827636719,539.1875696182251,0.9956632256507874
39,Left Ear,721.8196105957031,541.4309692382812,0.9949420690536499
39,Right Ear,721.3630676269531,526.1091184616089,0.9985646605491638
39,Left Shoulder,705.0784301757812,520.7707500457764,0.9970237612724304
39,Right Shoulder,683.1896209716797,478.6801528930664,0.9994227290153503
39,Left Elbow,645.9556579589844,520.8358955383301,0.2468571811914444
39,Right Elbow,608.8656616210938,507.6543617248535,0.9494726657867432
39,Left Wrist,631.7285919189453,535.3039455413818,0.3350979685783386
39,Right Wrist,644.4520568847656,543.7559080123901,0.8960592746734619
39,Left Hip,614.9370193481445,493.86308670043945,0.9990423321723938
39,Right Hip,601.3917922973633,464.6324586868286,0.9991936683654785
39,Left Knee,538.7859344482422,517.4500894546509,0.4593994617462158
39,Right Knee,522.6729583740234,505.8130359649658,0.8699328899383545
39,Left Ankle,468.22696685791016,511.2347888946533,0.46924713253974915
39,Right Ankle,447.9717254638672,507.26481914520264,0.8788151741027832
40,Nose,710.2484893798828,530.7944440841675,0.9964170455932617
40,Left Eye,719.8351287841797,536.30211353302,0.9970380067825317
40,Right Eye,720.5295562744141,538.8185405731201,0.9960392117500305
40,Left Ear,721.6395568847656,541.0346031188965,0.9953964948654175
40,Right Ear,721.1396789550781,526.0416984558105,0.9986693859100342
40,Left Shoulder,704.9250793457031,518.5213422775269,0.9972938299179077
40,Right Shoulder,682.7906799316406,478.576340675354,0.9993828535079956
40,Left Elbow,644.5433807373047,517.4608612060547,0.2549441158771515
40,Right Elbow,608.7294769287109,507.34923362731934,0.9489715695381165
40,Left Wrist,626.8893432617188,533.6699867248535,0.3546249270439148
40,Right Wrist,644.2420959472656,543.5787963867188,0.8936837315559387
40,Left Hip,614.4912719726562,491.32970809936523,0.9990437626838684
40,Right Hip,601.6263961791992,464.372820854187,0.999168872833252
40,Left Knee,542.5213623046875,516.9173383712769,0.446396142244339
40,Right Knee,523.3107376098633,506.2281131744385,0.8721892237663269
40,Left Ankle,476.2795639038086,499.9109745025635,0.4551129639148712
40,Right Ankle,448.441162109375,506.49916648864746,0.8822451233863831
41,Nose,710.1125335693359,530.4654550552368,0.996729850769043
41,Left Eye,719.7038269042969,535.979175567627,0.9972657561302185
41,Right Eye,720.4106140136719,538.5154294967651,0.9963590502738953
41,Left Ear,721.5188598632812,540.7557821273804,0.9957878589630127
41,Right Ear,720.9791564941406,525.7514190673828,0.9987431168556213
41,Left Shoulder,704.1337585449219,518.850588798523,0.9975391626358032
41,Right Shoulder,682.9637145996094,478.56822967529297,0.9993334412574768
41,Left Elbow,642.5582885742188,516.8233108520508,0.2633981704711914
41,Right Elbow,608.8032913208008,507.1985149383545,0.9474295973777771
41,Left Wrist,625.7271575927734,533.0851364135742,0.371822714805603
41,Right Wrist,644.1078186035156,543.4809064865112,0.8888844847679138
41,Left Hip,614.1715621948242,490.8812427520752,0.9990606307983398
41,Right Hip,602.0073318481445,464.23665046691895,0.999147891998291
41,Left Knee,541.4517211914062,516.4790439605713,0.4291609823703766
41,Right Knee,523.7145233154297,506.52294158935547,0.8692978024482727
41,Left Ankle,476.68567657470703,500.05778789520264,0.43723782896995544
41,Right Ankle,448.7879180908203,506.0214328765869,0.8816251754760742
42,Nose,710.0571441650391,530.2146148681641,0.9970250725746155
42,Left Eye,719.6205139160156,535.8020210266113,0.9974916577339172
42,Right Eye,720.3169250488281,538.360333442688,0.9966685771942139
42,Left Ear,721.4176940917969,540.6251907348633,0.9961607456207275
42,Right Ear,720.9604644775391,525.5976104736328,0.9988290667533875
42,Left Shoulder,703.7564086914062,517.7577495574951,0.9977604150772095
42,Right Shoulder,682.6884460449219,478.7480878829956,0.9992949366569519
42,Left Elbow,642.2356414794922,514.5302581787109,0.2655463218688965
42,Right Elbow,608.7567138671875,506.9498634338379,0.9464414715766907
42,Left Wrist,627.2040557861328,532.6881265640259,0.3819849193096161
42,Right Wrist,644.0543365478516,543.3867073059082,0.8838443756103516
42,Left Hip,612.0915603637695,488.75925064086914,0.9990810751914978
42,Right Hip,601.4450836181641,464.1114664077759,0.9991258382797241
42,Left Knee,538.7726974487305,515.0402641296387,0.4169565737247467
42,Right Knee,523.6808395385742,506.4375400543213,0.8713316321372986
42,Left Ankle,473.3427047729492,498.34370613098145,0.4272225499153137
42,Right Ankle,448.1995391845703,505.712571144104,0.8838630318641663
43,Nose,709.9884796142578,530.4625797271729,0.9973029494285583
43,Left Eye,719.552001953125,535.8815860748291,0.9977174401283264
43,Right Eye,720.2479553222656,538.3346700668335,0.9969673156738281
43,Left Ear,721.3469696044922,540.5206918716431,0.9965148568153381
43,Right Ear,720.8501434326172,525.9729480743408,0.9989270567893982
43,Left Shoulder,703.9314270019531,516.4367723464966,0.9979483485221863
43,Right Shoulder,682.4431610107422,479.6542024612427,0.9992491602897644
43,Left Elbow,647.8916168212891,513.8851118087769,0.2599012553691864
43,Right Elbow,607.9723358154297,507.6422166824341,0.9427017569541931
43,Left Wrist,636.9902801513672,533.6383152008057,0.38048842549324036
43,Right Wrist,643.9458465576172,543.3581686019897,0.8793538212776184
43,Left Hip,610.3754425048828,486.6837787628174,0.9990519285202026
43,Right Hip,599.6752166748047,464.16884422302246,0.9990625381469727
43,Left Knee,539.5852661132812,514.9585103988647,0.39728373289108276
43,Right Knee,523.5762405395508,510.1838779449463,0.8622943162918091
43,Left Ankle,471.7285919189453,498.76792430877686,0.40888702869415283
43,Right Ankle,445.35144805908203,509.8299980163574,0.8774330019950867
44,Nose,710.6880187988281,530.5428314208984,0.9975360035896301
44,Left Eye,720.2544403076172,535.8706855773926,0.9979050755500793
44,Right Eye,721.0547637939453,538.3266019821167,0.997214138507843
44,Left Ear,722.2392272949219,540.5079460144043,0.9968166947364807
44,Right Ear,721.4802551269531,526.0165929794312,0.9990019202232361
44,Left Shoulder,705.340576171875,516.1592388153076,0.9981042742729187
44,Right Shoulder,682.3326873779297,479.5774269104004,0.9991775155067444
44,Left Elbow,650.9096527099609,513.9187574386597,0.2524728775024414
44,Right Elbow,606.1224365234375,507.7987289428711,0.9390498399734497
44,Left Wrist,642.9551696777344,533.7419986724854,0.3704071044921875
44,Right Wrist,643.6251068115234,543.1664228439331,0.8744238018989563
44,Left Hip,611.3639068603516,486.5624141693115,0.999029815196991
44,Right Hip,599.702262878418,463.7227392196655,0.9989471435546875
44,Left Knee,541.2516021728516,517.9693651199341,0.3795159161090851
44,Right Knee,524.5154571533203,510.5724763870239,0.8458119034767151
44,Left Ankle,471.0732650756836,502.48889923095703,0.39096036553382874
44,Right Ankle,445.9610366821289,510.61994075775146,0.8664174675941467
45,Nose,710.8976745605469,530.510687828064,0.9977670907974243
45,Left Eye,720.4219055175781,535.8062696456909,0.9980958700180054
45,Right Eye,721.2458038330078,538.2654476165771,0.9974662661552429
45,Left Ear,722.4541473388672,540.4447746276855,0.997113823890686
45,Right Ear,721.6290283203125,525.9983110427856,0.9990875124931335
45,Left Shoulder,707.0433807373047,514.2070198059082,0.9982609152793884
45,Right Shoulder,682.1708679199219,479.5195770263672,0.9991849660873413
45,Left Elbow,655.2201843261719,513.9529609680176,0.24912409484386444
45,Right Elbow,606.1970138549805,508.1943655014038,0.9341539144515991
45,Left Wrist,648.5550689697266,533.6192178726196,0.37401828169822693
45,Right Wrist,643.5987854003906,543.0508947372437,0.8694528341293335
45,Left Hip,613.0678558349609,485.0165605545044,0.9990146160125732
45,Right Hip,599.8674392700195,463.5035276412964,0.9989603161811829
45,Left Knee,562.5138092041016,519.0140962600708,0.3664899170398712
45,Right Knee,524.8806762695312,510.54792881011963,0.8438979983329773
45,Left Ankle,503.2152557373047,506.9526958465576,0.3719649016857147
45,Right Ankle,450.1220703125,511.092267036438,0.8650702238082886
46,Nose,710.83740234375,530.7003736495972,0.9979797601699829
46,Left Eye,720.36376953125,535.8197450637817,0.9982725977897644
46,Right Eye,721.1807250976562,538.2845449447632,0.9976997375488281
46,Left Ear,722.3844909667969,540.4682064056396,0.9973856806755066
46,Right Ear,721.5557861328125,525.9945774078369,0.9991691708564758
46,Left Shoulder,707.0420837402344,513.9203453063965,0.9984016418457031
46,Right Shoulder,682.0989990234375,479.52627182006836,0.9991917610168457
46,Left Elbow,654.5738220214844,514.222297668457,0.24535973370075226
46,Right Elbow,606.1809539794922,508.3293342590332,0.9281562566757202
46,Left Wrist,646.9289398193359,534.0446376800537,0.38183850049972534
46,Right Wrist,643.6134338378906,542.9841184616089,0.8655452728271484
46,Left Hip,613.1168746948242,485.18693447113037,0.9989911317825317
46,Right Hip,599.9033355712891,463.1751823425293,0.998989999294281
46,Left Knee,568.3256149291992,519.7296237945557,0.3619880974292755
46,Right Knee,524.8104095458984,507.4375104904175,0.844600260257721
46,Left Ankle,524.1461181640625,511.39537811279297,0.3568626940250397
46,Right Ankle,458.55918884277344,508.41954231262207,0.8669137954711914
47,Nose,710.7972717285156,530.8747386932373,0.9981732368469238
47,Left Eye,720.3194427490234,535.8127498626709,0.9984347820281982
47,Right Eye,721.1309051513672,538.2572078704834,0.9979144334793091
47,Left Ear,722.3287963867188,540.429368019104,0.9976344704627991
47,Right Ear,721.5013122558594,526.0423421859741,0.9992448687553406
47,Left Shoulder,706.9863128662109,513.8117694854736,0.9985335469245911
47,Right Shoulder,681.5312194824219,479.4868326187134,0.9991822242736816
47,Left Elbow,654.2341613769531,514.3888521194458,0.24392126500606537
47,Right Elbow,606.0989379882812,508.56682777404785,0.9210845828056335
47,Left Wrist,646.2711334228516,534.1886186599731,0.38955703377723694
47,Right Wrist,643.5533905029297,542.9667806625366,0.8593614101409912
47,Left Hip,613.398323059082,485.3406572341919,0.9989739656448364
47,Right Hip,599.9588775634766,463.0842447280884,0.9990155100822449
47,Left Knee,563.4455108642578,519.3061351776123,0.35660526156425476
47,Right Knee,524.7124481201172,504.8313903808594,0.8447409868240356
47,Left Ankle,518.1532669067383,510.9913730621338,0.3424636125564575
47,Right Ankle,460.7179260253906,505.6319761276245,0.8672062754631042
48,Nose,710.7798004150391,530.7452201843262,0.9983457922935486
48,Left Eye,720.2769470214844,535.75927734375,0.9985789060592651
48,Right Eye,721.0774230957031,538.1887149810791,0.9981045126914978
48,Left Ear,722.2639465332031,540.3462409973145,0.9978561997413635
48,Right Ear,721.4882659912109,526.0317850112915,0.9993114471435547
48,Left Shoulder,707.5528717041016,510.83717823028564,0.9986349940299988
48,Right Shoulder,681.1863708496094,479.4313430786133,0.9991521239280701
48,Left Elbow,658.621826171875,513.0710935592651,0.23809877038002014
48,Right Elbow,606.1094284057617,508.38375091552734,0.917804479598999
48,Left Wrist,657.1647644042969,532.5608396530151,0.3884868621826172
48,Right Wrist,643.2630920410156,542.1035814285278,0.8560355305671692
48,Left Hip,613.6019134521484,483.7097454071045,0.9989326000213623
48,Right Hip,599.9924468994141,462.7571439743042,0.9989784359931946
48,Left Knee,561.2975311279297,519.1995763778687,0.34835633635520935
48,Right Knee,524.7369384765625,505.0072145462036,0.8402919769287109
48,Left Ankle,510.1438903808594,510.0904083251953,0.32994183897972107
48,Right Ankle,460.3180694580078,505.617299079895,0.8627085089683533
49,Nose,710.7570648193359,530.4486751556396,0.9985055923461914
49,Left Eye,720.2500915527344,535.4566812515259,0.9987130761146545
49,Right Eye,721.04736328125,537.9169321060181,0.9982826709747314
49,Left Ear,722.2393035888672,540.1129102706909,0.9980604648590088
49,Right Ear,721.4652252197266,525.7545948028564,0.9993748068809509
49,Left Shoulder,708.0832672119141,510.24919509887695,0.9987425804138184
49,Right Shoulder,681.1545562744141,479.30946350097656,0.9991941452026367
49,Left Elbow,657.6738739013672,512.8211545944214,0.23025505244731903
49,Right Elbow,606.112174987793,508.2644462585449,0.9142859578132629
49,Left Wrist,655.5400085449219,532.6292037963867,0.38848257064819336
49,Right Wrist,643.2485198974609,541.8938541412354,0.8520995378494263
49,Left Hip,614.2448043823242,483.62739086151123,0.9989383816719055
49,Right Hip,599.2636108398438,462.3167896270752,0.9990444183349609
49,Left Knee,574.0865325927734,519.1425848007202,0.3546958267688751
49,Right Knee,524.2363739013672,501.5779781341553,0.8501139879226685
49,Left Ankle,536.5018844604492,509.78721141815186,0.3298081159591675
49,Right Ankle,460.4479217529297,500.1667070388794,0.8714081048965454
50,Nose,710.7461547851562,530.6932497024536,0.998640775680542
50,Left Eye,720.2337646484375,535.4949188232422,0.9988235235214233
50,Right Eye,721.0504150390625,537.9228115081787,0.9984279274940491
50,Left Ear,722.2708892822266,540.1004219055176,0.998232901096344
50,Right Ear,721.4305114746094,525.9138107299805,0.9994249939918518
50,Left Shoulder,709.254150390625,510.14641284942627,0.9988337159156799
50,Right Shoulder,681.1003875732422,479.3862819671631,0.999180793762207
50,Left Elbow,658.1610107421875,512.0409536361694,0.22421137988567352
50,Right Elbow,606.0432052612305,508.47558975219727,0.9102952480316162
50,Left Wrist,652.5015258789062,532.6980400085449,0.3896362781524658
50,Right Wrist,642.9309844970703,541.8911075592041,0.848903238773346
50,Left Hip,614.3210601806641,483.77888202667236,0.9989307522773743
50,Right Hip,599.0022659301758,462.0916557312012,0.9990578889846802
50,Left Knee,568.2087326049805,519.0376996994019,0.3555854260921478
50,Right Knee,524.2070770263672,500.6199359893799,0.8510173559188843
50,Left Ankle,521.0666656494141,509.6076536178589,0.3232714831829071
50,Right Ankle,460.7151412963867,498.3926296234131,0.8727594614028931
51,Nose,710.3660583496094,530.8791589736938,0.9987687468528748
51,Left Eye,719.7245788574219,535.6022500991821,0.998930037021637
51,Right Eye,720.5632019042969,538.0068826675415,0.9985685348510742
51,Left Ear,721.8516540527344,540.1672840118408,0.9983958601951599
51,Right Ear,720.8562469482422,526.0661172866821,0.9994748830795288
51,Left Shoulder,710.8111572265625,509.78596687316895,0.99892258644104
51,Right Shoulder,681.0367584228516,479.5203495025635,0.999191164970398
51,Left Elbow,659.3721008300781,512.123908996582,0.22270409762859344
51,Right Elbow,606.0457611083984,509.902868270874,0.9101008772850037
51,Left Wrist,651.3411712646484,531.8585300445557,0.3983664810657501
51,Right Wrist,642.9093933105469,542.119460105896,0.8500157594680786
51,Left Hip,615.91796875,483.7248945236206,0.9989234805107117
51,Right Hip,599.5460891723633,461.89836502075195,0.9990738034248352
51,Left Knee,568.5005950927734,519.917721748352,0.3601680099964142
51,Right Knee,524.3198394775391,500.9367370605469,0.8530761003494263
51,Left Ankle,521.3770294189453,513.3816719055176,0.31753993034362793
51,Right Ankle,460.64537048339844,497.7269697189331,0.8737460970878601
52,Nose,710.1419067382812,531.3153505325317,0.9988840222358704
52,Left Eye,719.5216369628906,536.0594272613525,0.9990246891975403
52,Right Eye,720.4218292236328,538.4169387817383,0.9986932873725891
52,Left Ear,721.7762756347656,540.5129241943359,0.9985397458076477
52,Right Ear,720.4941558837891,526.4738130569458,0.9995189309120178
52,Left Shoulder,711.1232757568359,507.7422523498535,0.9989933967590332
52,Right Shoulder,680.3225708007812,479.7521781921387,0.9992327094078064
52,Left Elbow,659.2742919921875,511.2581777572632,0.21448028087615967
52,Right Elbow,604.9840545654297,511.0065221786499,0.9106681942939758
52,Left Wrist,649.3464660644531,531.8637657165527,0.40302103757858276
52,Right Wrist,642.547607421875,543.6087512969971,0.8557696342468262
52,Left Hip,617.5474166870117,483.590612411499,0.9989220499992371
52,Right Hip,599.014892578125,461.92214012145996,0.9991321563720703
52,Left Knee,592.74658203125,527.1121788024902,0.3726951479911804
52,Right Knee,523.9834594726562,500.7691526412964,0.8608192801475525
52,Left Ankle,553.5308837890625,515.4049587249756,0.31813377141952515
52,Right Ankle,460.2756118774414,494.25477504730225,0.8819006681442261
53,Nose,710.1628112792969,531.4826774597168,0.998984158039093
53,Left Eye,719.5166015625,536.1486911773682,0.9991073608398438
53,Right Eye,720.4170227050781,538.5342264175415,0.9988011717796326
53,Left Ear,721.7696380615234,540.6309843063354,0.998667299747467
53,Right Ear,720.4891204833984,526.4723539352417,0.9995571970939636
53,Left Shoulder,710.9519195556641,507.93837547302246,0.9990372657775879
53,Right Shoulder,680.1998901367188,479.78217601776123,0.9991962909698486
53,Left Elbow,659.7074890136719,515.0471305847168,0.21210938692092896
53,Right Elbow,605.0099945068359,512.5371837615967,0.9069951772689819
53,Left Wrist,654.2744445800781,533.416314125061,0.40666016936302185
53,Right Wrist,642.7899932861328,545.6666707992554,0.8539113402366638
53,Left Hip,618.9177703857422,483.6836099624634,0.9988855123519897
53,Right Hip,599.7675704956055,461.8660497665405,0.999138593673706
53,Left Knee,589.3700408935547,529.7173547744751,0.377755343914032
53,Right Knee,524.2142868041992,501.41125202178955,0.8606519103050232
53,Left Ankle,541.5723419189453,516.0752534866333,0.3137992024421692
53,Right Ankle,460.3490447998047,498.48618507385254,0.884272575378418
54,Nose,710.1106262207031,531.4846086502075,0.99907386302948
54,Left Eye,719.3592834472656,536.1389923095703,0.9991816282272339
54,Right Eye,720.2210235595703,538.5292911529541,0.9988977909088135
54,Left Ear,721.5464019775391,540.6287097930908,0.9987815618515015
54,Right Ear,720.3715515136719,526.4589214324951,0.9995911121368408
54,Left Shoulder,710.52978515625,507.6480531692505,0.9990870356559753
54,Right Shoulder,680.1655578613281,480.1710319519043,0.9991517066955566
54,Left Elbow,659.5079040527344,514.992413520813,0.20775337517261505
54,Right Elbow,605.0019454956055,512.5527191162109,0.904363214969635
54,Left Wrist,655.1873016357422,533.7749576568604,0.40668797492980957
54,Right Wrist,642.7845764160156,545.7854175567627,0.850291907787323
54,Left Hip,618.7265777587891,483.4637975692749,0.9988466501235962
54,Right Hip,599.7756958007812,461.9489622116089,0.9990988969802856
54,Left Knee,583.0257415771484,527.9622030258179,0.3694504499435425
54,Right Knee,524.6225738525391,501.83525562286377,0.8529918789863586
54,Left Ankle,534.1969680786133,515.8509349822998,0.3004838228225708
54,Right Ankle,463.63582611083984,500.35343170166016,0.8773561716079712
55,Nose,710.0975036621094,531.5062379837036,0.9991539716720581
55,Left Eye,719.3151092529297,536.1613082885742,0.9992473125457764
55,Right Eye,720.1747894287109,538.5713052749634,0.9989833235740662
55,Left Ear,721.5060424804688,540.6791353225708,0.9988839030265808
55,Right Ear,720.3426361083984,526.4513683319092,0.9996208548545837
55,Left Shoulder,710.4420471191406,507.28357315063477,0.9991204142570496
55,Right Shoulder,680.09521484375,480.5609178543091,0.9990735054016113
55,Left Elbow,661.4524841308594,514.5258808135986,0.204087033867836
55,Right Elbow,604.9925994873047,512.5567531585693,0.9009447693824768
55,Left Wrist,656.5382385253906,533.8657665252686,0.4061472415924072
55,Right Wrist,642.7684783935547,545.7947301864624,0.8458450436592102
55,Left Hip,618.609733581543,483.24119567871094,0.9987954497337341
55,Right Hip,599.773063659668,462.10607528686523,0.9990382194519043
55,Left Knee,579.435920715332,528.1096172332764,0.3670022487640381
55,Right Knee,525.0383758544922,501.9007444381714,0.8476904034614563
55,Left Ankle,530.0765991210938,515.9035491943359,0.29241135716438293
55,Right Ankle,465.2708435058594,500.4516649246216,0.8725534081459045
56,Nose,710.035400390625,531.496753692627,0.9992309808731079
56,Left Eye,719.2191314697266,536.1550426483154,0.9993114471435547
56,Right Eye,720.0822448730469,538.5629796981812,0.9990668892860413
56,Left Ear,721.4290618896484,540.6755304336548,0.998979389667511
56,Right Ear,720.27099609375,526.363091468811,0.9996510148048401
56,Left Shoulder,710.4010772705078,506.8835163116455,0.9991599917411804
56,Right Shoulder,680.0980377197266,480.53877353668213,0.9991006851196289
56,Left Elbow,660.9364318847656,514.6409797668457,0.198547825217247
56,Right Elbow,605.0011444091797,512.548041343689,0.8987057209014893
56,Left Wrist,654.7095489501953,533.9274787902832,0.4070042669773102
56,Right Wrist,642.7104187011719,545.7905673980713,0.8445689678192139
56,Left Hip,618.8971710205078,483.2440710067749,0.9987107515335083
56,Right Hip,599.188232421875,462.1142292022705,0.9990420341491699
56,Left Knee,590.6757736206055,529.6218681335449,0.3706408441066742
56,Right Knee,523.4902954101562,501.0629940032959,0.8471212983131409
56,Left Ankle,557.3053741455078,516.9778919219971,0.2847912013530731
56,Right Ankle,466.4707565307617,498.24182510375977,0.8740089535713196
57,Nose,709.7637939453125,531.5188121795654,0.9992970824241638
57,Left Eye,718.9390563964844,536.1607074737549,0.9993643164634705
57,Right Eye,719.8196411132812,538.5703182220459,0.9991347789764404
57,Left Ear,721.1994934082031,540.6859159469604,0.9990594387054443
57,Right Ear,719.9131774902344,526.350474357605,0.9996749758720398
57,Left Shoulder,710.3533935546875,505.6965208053589,0.9991709589958191
57,Right Shoulder,679.8878479003906,480.577654838562,0.9990936517715454
57,Left Elbow,661.0147857666016,514.4233989715576,0.19238720834255219
57,Right Elbow,604.9705123901367,512.9827737808228,0.8976485133171082
57,Left Wrist,655.3337860107422,534.0611171722412,0.40504810214042664
57,Right Wrist,642.7049255371094,545.9168672561646,0.846454381942749
57,Left Hip,619.1944122314453,482.9085159301758,0.9986175298690796
57,Right Hip,598.6722564697266,462.1186923980713,0.9990248680114746
57,Left Knee,596.6436004638672,530.7047080993652,0.3751552104949951
57,Right Knee,523.3694458007812,500.83335399627686,0.8450525403022766
57,Left Ankle,561.3268280029297,517.3366212844849,0.27991145849227905
57,Right Ankle,467.0613098144531,498.17848205566406,0.8758048415184021
58,Nose,709.7615051269531,531.5338754653931,0.9993556141853333
58,Left Eye,718.9097595214844,536.1589479446411,0.9994117021560669
58,Right Eye,719.7951507568359,538.5723781585693,0.9991962313652039
58,Left Ear,721.1814880371094,540.6925678253174,0.9991325736045837
58,Right Ear,719.8622131347656,526.3404750823975,0.9996957778930664
58,Left Shoulder,711.0430145263672,504.5158338546753,0.9991768598556519
58,Right Shoulder,679.5532989501953,480.6344747543335,0.9990622401237488
58,Left Elbow,662.4263000488281,514.3849468231201,0.18562845885753632
58,Right Elbow,604.9751663208008,513.1177854537964,0.8954824805259705
58,Left Wrist,655.7249450683594,534.2268133163452,0.4027341306209564
58,Right Wrist,642.7323150634766,545.9259653091431,0.8458872437477112
58,Left Hip,619.3839645385742,482.64359951019287,0.9984946250915527
58,Right Hip,597.9927444458008,462.55707263946533,0.998981773853302
58,Left Knee,600.3562164306641,532.097954750061,0.38243094086647034
58,Right Knee,525.6117630004883,501.2434959411621,0.8473295569419861
58,Left Ankle,557.5942230224609,517.7315711975098,0.27907657623291016
58,Right Ankle,469.7602081298828,498.3061981201172,0.8781450390815735
59,Nose,709.6620941162109,531.5628004074097,0.9994102120399475
59,Left Eye,718.8393402099609,536.1858987808228,0.9994580745697021
59,Right Eye,719.7478485107422,538.6059379577637,0.9992578029632568
59,Left Ear,721.1488342285156,540.7284021377563,0.9992035031318665
59,Right Ear,719.7201538085938,526.3336944580078,0.9997172951698303
59,Left Shoulder,711.5599822998047,504.7589921951294,0.9991955161094666
59,Right Shoulder,679.4273376464844,480.6369638442993,0.9990419149398804
59,Left Elbow,663.1888580322266,514.3740892410278,0.1817045509815216
59,Right Elbow,604.9806976318359,513.2954549789429,0.8960641622543335
59,Left Wrist,656.35498046875,534.2194318771362,0.4039372205734253
59,Right Wrist,642.7391052246094,545.9002590179443,0.8475120663642883
59,Left Hip,619.4783782958984,482.4177360534668,0.9984470009803772
59,Right Hip,598.0434036254883,462.5102949142456,0.9989630579948425
59,Left Knee,594.271240234375,532.6544380187988,0.39415815472602844
59,Right Knee,528.3705902099609,501.8999719619751,0.8521147966384888
59,Left Ankle,550.9758377075195,517.322587966919,0.2822221517562866
59,Right Ankle,469.4382095336914,500.1605272293091,0.8815320730209351
60,Nose,709.3458557128906,531.5631008148193,0.9994593858718872
60,Left Eye,718.4951782226562,536.1732816696167,0.9994989037513733
60,Right Eye,719.3789672851562,538.5855531692505,0.9993121027946472
60,Left Ear,720.7595825195312,540.7053136825562,0.9992669820785522
60,Right Ear,719.3402862548828,526.3299608230591,0.9997357726097107
60,Left Shoulder,711.4023590087891,503.63525390625,0.999208927154541
60,Right Shoulder,679.3439483642578,480.84136962890625,0.9989992380142212
60,Left Elbow,662.1220397949219,513.5700273513794,0.17621421813964844
60,Right Elbow,604.9979782104492,513.4174633026123,0.8957401514053345
60,Left Wrist,657.3345184326172,534.1314554214478,0.4045315086841583
60,Right Wrist,642.7360534667969,545.8673000335693,0.8478608727455139
60,Left Hip,618.5642623901367,481.2498378753662,0.9983642101287842
60,Right Hip,597.49267578125,462.5381898880005,0.9988930225372314
60,Left Knee,591.5645217895508,531.3835000991821,0.3966933786869049
60,Right Knee,528.4404754638672,501.66608333587646,0.8527956604957581
60,Left Ankle,547.1954345703125,517.1766757965088,0.2799569368362427
60,Right Ankle,473.82537841796875,499.0359306335449,0.8813063502311707
